  0.00340569       86625.7            0
  0.00421706       86625.7            0
  0.00502843       86625.7            0
  0.00583981       86625.7            0
  0.00665118       86625.7            0
  0.00746255       86625.7            0
  0.00827393       86625.7            0
   0.0090853       86625.7            0
  0.00989667       86625.7            0
    0.010708   2.36614e+08  4.67952e+08
   0.0115194   9.80952e+08  2.35687e+08
   0.0123308   6.84117e+08  1.90048e+08
   0.0131422   8.32388e+08  1.59718e+08
   0.0139535   7.85646e+08  1.34274e+08
   0.0147649   8.44803e+08  1.09985e+08
   0.0155763    1.0133e+09  9.89813e+07
   0.0163877   7.64429e+08  1.13112e+08
    0.017199    6.5769e+08  8.96902e+07
   0.0180104     7.148e+08   1.0069e+08
   0.0188218   8.90163e+08  7.50366e+07
   0.0196332   7.07517e+08  9.65576e+07
   0.0204445   6.95107e+08  8.58909e+07
   0.0212559   6.12384e+08  7.98449e+07
   0.0220673   7.84843e+08  7.78804e+07
   0.0228786   6.19254e+08  7.94945e+07
     0.02369   6.08926e+08   7.8138e+07
   0.0245014   6.68142e+08    6.635e+07
   0.0253128   6.54925e+08  7.06108e+07
   0.0261241   6.87298e+08  7.16417e+07
   0.0269355   5.98268e+08  6.90414e+07
   0.0277469   5.60675e+08  7.45099e+07
   0.0285583   7.28151e+08  5.91161e+07
   0.0293696   6.50949e+08  6.70352e+07
    0.030181   7.51293e+08  6.31331e+07
   0.0309924   6.52201e+08    5.917e+07
   0.0318038    7.7521e+08  6.22479e+07
   0.0326151   5.21726e+08  5.87061e+07
   0.0334265   5.72504e+08  6.38279e+07
   0.0342379    5.9014e+08  5.91891e+07
   0.0350492   4.83245e+08  5.73152e+07
   0.0358606   5.67121e+08  5.86782e+07
    0.036672   5.77586e+08  5.62149e+07
   0.0374834    6.1373e+08  5.35674e+07
   0.0382947   4.84062e+08  5.37041e+07
   0.0391061    5.3109e+08  5.17734e+07
   0.0399175    5.0497e+08  5.15604e+07
   0.0407289   4.71538e+08  5.26875e+07
   0.0415402   5.11854e+08  4.92173e+07
   0.0423516   6.74712e+08  5.14587e+07
    0.043163   5.42782e+08  5.31013e+07
   0.0439743   5.36779e+08  4.80389e+07
   0.0447857   4.14323e+08  5.02104e+07
   0.0455971   4.47884e+08   5.0451e+07
   0.0464085   4.94735e+08  4.96252e+07
   0.0472198   4.46387e+08   4.7027e+07
   0.0480312   5.16828e+08  4.53832e+07
   0.0488426    3.0013e+08  4.54685e+07
    0.049654   3.87078e+08  4.68391e+07
   0.0504653   4.91435e+08  4.44876e+07
   0.0512767   4.35675e+08  4.46903e+07
   0.0520881    4.4116e+08  4.42277e+07
   0.0528995   3.44901e+08  4.38365e+07
   0.0537108   3.30712e+08  4.39501e+07
   0.0545222   4.53643e+08  4.38509e+07
   0.0553336   4.32979e+08  4.24123e+07
   0.0561449    3.8648e+08  4.21827e+07
   0.0569563   3.33145e+08  4.24362e+07
   0.0577677   4.20843e+08  4.01065e+07
   0.0585791   3.85369e+08  4.16636e+07
   0.0593904   3.55357e+08  4.10624e+07
   0.0602018   3.55281e+08   4.1107e+07
   0.0610132   3.50547e+08   4.1673e+07
   0.0618246   3.29718e+08   3.8682e+07
   0.0626359    3.1155e+08  4.06484e+07
   0.0634473   3.56691e+08  3.91303e+07
   0.0642587   3.55379e+08   3.8588e+07
   0.0650701   3.70484e+08  3.85545e+07
   0.0658814    3.3084e+08  3.73886e+07
   0.0666928   2.49297e+08  3.75123e+07
   0.0675042   2.91486e+08  3.83655e+07
   0.0683155   3.24853e+08  3.79132e+07
   0.0691269   3.11592e+08  3.86037e+07
   0.0699383    2.5148e+08  3.65136e+07
   0.0707497   2.92089e+08  3.66126e+07
    0.071561   3.07648e+08  3.68886e+07
   0.0723724   3.02487e+08  3.53324e+07
   0.0731838   1.94665e+08  3.71984e+07
   0.0739952   2.37902e+08  3.57193e+07
   0.0748065   2.71813e+08  3.62359e+07
   0.0756179    2.7857e+08  3.63955e+07
   0.0764293   2.98584e+08  3.40795e+07
   0.0772407   2.66174e+08  3.50739e+07
    0.078052   2.23612e+08  3.48226e+07
   0.0788634   3.23939e+08  3.35842e+07
   0.0796748   2.04926e+08  3.48094e+07
   0.0804861    2.3067e+08   3.4982e+07
   0.0812975   2.03225e+08  3.46079e+07
   0.0821089   2.11262e+08   3.5146e+07
   0.0829203   2.64216e+08  3.33534e+07
   0.0837316   2.11259e+08  3.35725e+07
    0.084543   2.29202e+08  3.30152e+07
   0.0853544   2.33263e+08  3.15107e+07
   0.0861658   1.88658e+08  3.23496e+07
   0.0869771   1.75112e+08  3.25136e+07
   0.0877885   1.94831e+08  3.22621e+07
   0.0885999   1.70121e+08  3.12684e+07
   0.0894113   1.47849e+08  3.22205e+07
   0.0902226   2.01009e+08  3.25575e+07
    0.091034   2.50722e+08  3.23882e+07
   0.0918454    2.0265e+08   3.0865e+07
   0.0926567   2.23982e+08  3.17363e+07
   0.0934681   2.45853e+08  3.04404e+07
   0.0942795   1.79557e+08  3.10966e+07
   0.0950909   1.81268e+08  3.13381e+07
   0.0959022   1.33873e+08  3.07482e+07
   0.0967136   1.37426e+08  3.15347e+07
    0.097525   1.39729e+08  3.11292e+07
   0.0983364   1.98003e+08  3.01806e+07
   0.0991477   1.49932e+08  2.95822e+07
   0.0999591   1.63509e+08  3.08417e+07
     0.10077   1.18306e+08   2.9897e+07
    0.101582   1.53839e+08  2.88829e+07
    0.102393   1.56713e+08  3.04062e+07
    0.103205   1.91706e+08  2.91697e+07
    0.104016   1.58383e+08  2.94939e+07
    0.104827   1.22972e+08  2.88789e+07
    0.105639    1.4617e+08  2.95521e+07
     0.10645   8.42084e+07  2.82128e+07
    0.107261   1.11772e+08  2.88759e+07
    0.108073   1.18133e+08  2.84758e+07
    0.108884    1.4422e+08  2.79109e+07
    0.109696   1.66271e+08   2.9211e+07
    0.110507    1.1562e+08  2.84433e+07
    0.111318   1.28888e+08  2.80869e+07
     0.11213   1.38954e+08  2.73768e+07
    0.112941   1.35777e+08  2.79071e+07
    0.113752   1.01974e+08  2.84712e+07
    0.114564   2.69451e+07  2.77114e+07
    0.115375   1.36632e+08  2.71869e+07
    0.116187   1.48559e+08   2.6322e+07
    0.116998   8.55579e+07  2.68902e+07
    0.117809   1.06917e+08  2.68762e+07
    0.118621   1.24813e+08  2.61113e+07
    0.119432    1.1549e+08  2.60907e+07
    0.120243   8.74086e+07  2.73048e+07
    0.121055   1.24566e+08   2.6446e+07
    0.121866   7.72713e+07  2.59675e+07
    0.122678   9.88835e+07  2.61471e+07
    0.123489   1.56281e+08  2.73509e+07
      0.1243   9.94032e+07  2.61482e+07
    0.125112   1.07909e+08     2.72e+07
    0.125923   8.40026e+07   2.6594e+07
    0.126734   1.06893e+08  2.62944e+07
    0.127546   7.34783e+07  2.55446e+07
    0.128357   1.13414e+08   2.6325e+07
    0.129169   1.10162e+08  2.52777e+07
     0.12998   7.33072e+07  2.59228e+07
    0.130791   1.07052e+08   2.5619e+07
    0.131603   8.04938e+07  2.57987e+07
    0.132414    7.0169e+07  2.54688e+07
    0.133225    9.8245e+07  2.54188e+07
    0.134037   5.90641e+07  2.41443e+07
    0.134848   1.69167e+07  2.46092e+07
     0.13566   9.32478e+07  2.43834e+07
    0.136471   6.04609e+07  2.55353e+07
    0.137282   1.15776e+08  2.43016e+07
    0.138094   1.13816e+08  2.39417e+07
    0.138905   7.11913e+07   2.4404e+07
    0.139716   7.11131e+07  2.42054e+07
    0.140528   6.87873e+07  2.42764e+07
    0.141339   4.40247e+07  2.42151e+07
    0.142151   1.01775e+08  2.31762e+07
    0.142962   6.78898e+07  2.28351e+07
    0.143773   4.77313e+07  2.39121e+07
    0.144585   7.41354e+07  2.35696e+07
    0.145396   5.31086e+07  2.36578e+07
    0.146207   1.06621e+08  2.31196e+07
    0.147019   4.01178e+07  2.32037e+07
     0.14783   6.18937e+07  2.37545e+07
    0.148641   4.29233e+07  2.31349e+07
    0.149453   6.44101e+07  2.31634e+07
    0.150264   5.81776e+07   2.2666e+07
    0.151076   5.26594e+07  2.29626e+07
    0.151887   5.51506e+07  2.35315e+07
    0.152698   4.89835e+07  2.26279e+07
     0.15351   6.02141e+07  2.32082e+07
    0.154321   8.20334e+07  2.30016e+07
    0.155132    6.4463e+07  2.32469e+07
    0.155944   5.78466e+07  2.30874e+07
    0.156755    7.2508e+07   2.3155e+07
    0.157567  -5.59338e+06  2.28951e+07
    0.158378   6.80644e+07  2.30305e+07
    0.159189    4.6171e+07  2.32238e+07
    0.160001    7.7242e+06   2.3105e+07
    0.160812   2.88002e+07  2.29374e+07
    0.161623    6.1524e+07  2.25399e+07
    0.162435   2.62141e+07  2.31583e+07
    0.163246    5.2715e+07  2.32513e+07
    0.164058   6.38421e+07  2.26816e+07
    0.164869   5.11514e+07  2.29134e+07
     0.16568   2.40863e+07  2.28869e+07
    0.166492   1.06669e+08  2.26377e+07
    0.167303   5.41142e+07  2.34348e+07
    0.168114   7.76636e+07  2.26415e+07
    0.168926   4.61878e+07  2.37005e+07
    0.169737   4.78327e+07  2.32094e+07
    0.170549  -3.91295e+06  2.39488e+07
     0.17136    6.0003e+07  2.36957e+07
    0.172171   5.82506e+07  2.37262e+07
    0.172983   6.47616e+07  2.45996e+07
    0.173794    4.8678e+07   2.4661e+07
    0.174605    4.5275e+07  2.41287e+07
    0.175417   1.33314e+07  2.50334e+07
    0.176228   3.69159e+07  2.41948e+07
     0.17704   2.24146e+07  2.39673e+07
    0.177851   5.11972e+07  2.43233e+07
    0.178662   3.53878e+07  2.41285e+07
    0.179474    3.0906e+07  2.40706e+07
    0.180285     1.312e+07   2.4046e+07
    0.181096   2.78573e+07  2.37414e+07
    0.181908   3.62637e+07  2.42903e+07
    0.182719   3.11635e+06  2.36052e+07
    0.183531   6.67091e+07  2.43664e+07
    0.184342   6.39033e+07  2.39249e+07
    0.185153    2.7208e+06  2.44299e+07
    0.185965   1.03047e+08  2.41084e+07
    0.186776    -6.869e+06  2.47177e+07
    0.187587   5.30278e+07  2.43575e+07
    0.188399   2.58932e+07  2.41733e+07
     0.18921    6.2017e+07  2.44245e+07
    0.190022   1.48915e+07  2.45318e+07
    0.190833   3.71799e+07  2.38796e+07
    0.191644   4.33329e+07  2.37581e+07
    0.192456   2.24105e+07  2.44063e+07
    0.193267   7.86169e+06   2.4156e+07
    0.194078  -3.62728e+06  2.41612e+07
     0.19489   4.32149e+07  2.40581e+07
    0.195701   1.29752e+07  2.39653e+07
    0.196513   6.33073e+07  2.48592e+07
    0.197324   4.74465e+07  2.39945e+07
    0.198135   3.86433e+06  2.36797e+07
    0.198947   1.05173e+07  2.39584e+07
    0.199758   7.87615e+07  2.41884e+07
    0.200569   7.10762e+07  2.35733e+07
    0.201381   5.10731e+07  2.37391e+07
    0.202192   4.65337e+07  2.45628e+07
    0.203004   3.37995e+07  2.39379e+07
    0.203815  -1.73489e+07  2.36042e+07
    0.204626   6.15158e+06  2.33437e+07
    0.205438   5.78747e+07  2.38835e+07
    0.206249   2.06951e+07  2.32243e+07
     0.20706  -1.67877e+07  2.45911e+07
    0.207872   4.22954e+07  2.47245e+07
    0.208683   1.81564e+07   2.3805e+07
    0.209494   3.22449e+07   2.4014e+07
    0.210306   1.84671e+07  2.38696e+07
    0.211117   3.07871e+07  2.40594e+07
    0.211929  -1.33198e+06  2.36473e+07
     0.21274   4.40459e+07  2.44914e+07
    0.213551   2.33837e+07  2.41871e+07
    0.214363       64069.6  2.43872e+07
    0.215174   7.50376e+06   2.4036e+07
    0.215985   4.01565e+06  2.28455e+07
    0.216797  -2.24896e+06  2.37967e+07
    0.217608   5.34799e+07  2.40034e+07
     0.21842   6.78497e+06  2.33112e+07
    0.219231   3.54968e+07  2.39115e+07
    0.220042  -1.88277e+07  2.41048e+07
    0.220854  -8.02537e+06   2.3676e+07
    0.221665   3.00121e+07  2.36301e+07
    0.222476  -2.32558e+07  2.30216e+07
    0.223288   2.14255e+07  2.31006e+07
    0.224099   2.70696e+07  2.39749e+07
    0.224911   3.79016e+07  2.37362e+07
    0.225722  -2.44396e+07  2.32745e+07
    0.226533   5.10457e+07  2.36421e+07
    0.227345    5.1871e+07  2.30368e+07
    0.228156   3.51546e+07  2.32431e+07
    0.228967  -2.53873e+06  2.32629e+07
    0.229779   2.46397e+07  2.33238e+07
     0.23059  -1.00545e+07  2.30835e+07
    0.231402   1.13921e+07  2.35466e+07
    0.232213   2.78157e+07   2.3987e+07
    0.233024   9.17805e+06  2.42085e+07
    0.233836   3.95888e+07  2.27898e+07
    0.234647   6.14831e+07   2.4216e+07
    0.235458  -1.08456e+07  2.29333e+07
     0.23627     1.812e+07  2.38756e+07
    0.237081   2.02126e+07  2.42399e+07
    0.237893   5.64417e+06  2.38589e+07
    0.238704  -1.27193e+06  2.34739e+07
    0.239515   1.73584e+07  2.28024e+07
    0.240327       -798727  2.33523e+07
    0.241138   2.80898e+07  2.31939e+07
    0.241949   5.80593e+07  2.34198e+07
    0.242761   2.42125e+06  2.34949e+07
    0.243572   4.58764e+07   2.2683e+07
    0.244384   2.25101e+07  2.35402e+07
    0.245195   3.10154e+07  2.30973e+07
    0.246006   1.53001e+07  2.41947e+07
    0.246818   3.75006e+06   2.2351e+07
    0.247629  -2.42401e+07  2.26222e+07
     0.24844   2.69782e+07  2.27768e+07
    0.249252   5.00445e+07  2.28094e+07
    0.250063   1.83023e+07   2.3501e+07
    0.250875   1.05734e+07  2.30051e+07
    0.251686   3.39215e+07  2.32169e+07
    0.252497   5.69581e+07  2.24125e+07
    0.253309   2.96175e+07  2.32638e+07
     0.25412  -6.39591e+06  2.35545e+07
    0.254931   1.53779e+07  2.32637e+07
    0.255743   3.22523e+07  2.34703e+07
    0.256554   3.05328e+07  2.23899e+07
    0.257366   2.56302e+07  2.36621e+07
    0.258177   1.90032e+07  2.26132e+07
    0.258988   6.26038e+06  2.33832e+07
      0.2598   2.44129e+07  2.29674e+07
    0.260611  -3.17007e+07  2.27393e+07
    0.261422   2.29066e+07   2.2296e+07
    0.262234   2.24126e+06  2.24875e+07
    0.263045   1.75467e+07  2.30168e+07
    0.263857  -2.69112e+06  2.22228e+07
    0.264668   2.80977e+07  2.25763e+07
    0.265479   3.30436e+07  2.30291e+07
    0.266291   2.76492e+07  2.24684e+07
    0.267102   5.33607e+06  2.35007e+07
    0.267913   1.69863e+07  2.29122e+07
    0.268725   6.04616e+07   2.2707e+07
    0.269536    2.9993e+07  2.27804e+07
    0.270347       -471701  2.32834e+07
    0.271159   3.99566e+07  2.27487e+07
     0.27197   3.75738e+07  2.29557e+07
    0.272782     4.213e+07  2.32102e+07
    0.273593  -3.76055e+06  2.23652e+07
    0.274404   3.48127e+07  2.29843e+07
    0.275216   1.09896e+07  2.28965e+07
    0.276027  -1.31702e+07  2.27744e+07
    0.276838   2.30912e+07  2.31201e+07
     0.27765  -2.15786e+07  2.25187e+07
    0.278461   3.29155e+07  2.37871e+07
    0.279273   5.07266e+07  2.32051e+07
    0.280084   8.74113e+06  2.29409e+07
    0.280895       -734314  2.22657e+07
    0.281707  -1.71522e+07  2.28771e+07
    0.282518   8.33009e+06  2.23532e+07
    0.283329   2.83295e+07  2.32675e+07
    0.284141    4.0832e+07  2.25438e+07
    0.284952   1.01784e+07  2.28011e+07
    0.285764   4.43282e+07  2.30125e+07
    0.286575    1.4352e+07  2.23467e+07
    0.287386   5.13362e+07  2.22223e+07
    0.288198    2.5689e+07  2.25107e+07
    0.289009   4.35171e+06  2.21885e+07
     0.28982  -5.51465e+06  2.23324e+07
    0.290632   2.00293e+07  2.21561e+07
    0.291443  -1.72749e+07  2.23595e+07
    0.292255   4.12687e+06  2.25052e+07
    0.293066   1.10848e+07   2.1995e+07
    0.293877   2.13145e+07  2.21893e+07
    0.294689   1.30852e+07  2.24168e+07
      0.2955   1.70654e+07  2.22161e+07
    0.296311   2.16732e+07  2.25551e+07
    0.297123  -1.42292e+07  2.26214e+07
    0.297934   3.77876e+07  2.27775e+07
    0.298746   9.99463e+06  2.25016e+07
    0.299557   3.84232e+07  2.20172e+07
    0.300368   1.05288e+07  2.19246e+07
     0.30118      -28223.7  2.12444e+07
    0.301991   1.72026e+07  2.12994e+07
    0.302802   2.44425e+07  2.14374e+07
    0.303614       -427733   2.1322e+07
    0.304425   4.96201e+07  2.22707e+07
    0.305237   3.70929e+07  2.19859e+07
    0.306048   1.20754e+07  2.09058e+07
    0.306859   5.65598e+07  2.12216e+07
    0.307671    2.1673e+06  2.23422e+07
    0.308482  -1.25261e+07   2.2023e+07
    0.309293   1.05501e+07  2.14463e+07
    0.310105   3.46988e+07  2.18644e+07
    0.310916  -2.15553e+07  2.19751e+07
    0.311728  -1.15377e+07  2.23052e+07
    0.312539   2.89481e+07  2.20413e+07
     0.31335  -1.92289e+07  2.14442e+07
    0.314162   2.86556e+07  2.21824e+07
    0.314973   1.57582e+07  2.17913e+07
    0.315784   2.17172e+07  2.13661e+07
    0.316596  -4.32043e+06  2.13687e+07
    0.317407   2.99906e+07   2.2108e+07
    0.318219  -2.32149e+06  2.11291e+07
     0.31903   1.64164e+07  2.16624e+07
    0.319841   1.95047e+07  2.17748e+07
    0.320653   2.90968e+06  2.21089e+07
    0.321464  -2.34683e+06  2.11315e+07
    0.322275   5.10294e+07  2.19319e+07
    0.323087  -1.63216e+07  2.08386e+07
    0.323898   8.47271e+06  2.22995e+07
    0.324709   5.31302e+07  2.14433e+07
    0.325521   4.22591e+06  2.18809e+07
    0.326332   2.04104e+07  2.19191e+07
    0.327144  -1.26169e+07  2.14261e+07
    0.327955   5.84915e+07  2.19342e+07
    0.328766   1.23242e+07  2.18444e+07
    0.329578  -5.01659e+06  2.18198e+07
    0.330389  -8.75316e+06  2.14288e+07
      0.3312   2.75353e+07  2.12728e+07
    0.332012   3.35044e+07  2.13827e+07
    0.332823   2.71401e+07  2.08731e+07
    0.333635   6.39929e+06  2.13352e+07
    0.334446   6.84367e+07  2.11488e+07
    0.335257   3.09419e+07  2.14682e+07
    0.336069  -1.04814e+07  2.08556e+07
     0.33688   1.25922e+07  2.17732e+07
    0.337691    1.7694e+07   2.0829e+07
    0.338503  -1.68217e+07  2.15963e+07
    0.339314   1.19017e+06  2.15105e+07
    0.340126   6.59852e+06  2.23339e+07
    0.340937   1.46296e+07  2.16718e+07
    0.341748  -4.01773e+07  2.16518e+07
     0.34256   3.51682e+07  2.09033e+07
    0.343371   2.43649e+07  2.09586e+07
    0.344182   -3.5559e+07  2.10174e+07
    0.344994  -7.54546e+06  2.15633e+07
    0.345805   2.45424e+07  2.10282e+07
    0.346617   2.12712e+07  2.03403e+07
    0.347428  -3.73159e+07  2.13562e+07
    0.348239   1.74045e+07  2.11771e+07
    0.349051   3.11764e+07  2.16772e+07
    0.349862   8.26483e+06  2.09554e+07
    0.350673   4.12861e+06  2.05965e+07
    0.351485   4.01657e+07  2.15277e+07
    0.352296   8.66299e+06  2.08744e+07
    0.353108  -1.76566e+07  2.08572e+07
    0.353919  -2.67116e+06  2.07314e+07
     0.35473   2.96066e+07  2.11034e+07
    0.355542   3.49557e+07  2.06936e+07
    0.356353   1.11705e+07  2.09491e+07
    0.357164   3.24491e+07  2.13041e+07
    0.357976   3.28029e+07  2.06582e+07
    0.358787    1.8539e+07  2.04877e+07
    0.359599   2.08816e+07  2.09232e+07
     0.36041   8.89505e+06   2.0572e+07
    0.361221  -1.61543e+07  2.09906e+07
    0.362033   1.44437e+07   2.1104e+07
    0.362844   2.11156e+06   2.0706e+07
    0.363655  -2.58827e+07  2.03972e+07
    0.364467    4.3485e+07   2.0342e+07
    0.365278    2.9698e+07  2.06727e+07
     0.36609   2.62483e+07  2.07368e+07
    0.366901  -1.94894e+07  2.01793e+07
    0.367712   2.82301e+07  2.06542e+07
    0.368524   2.23601e+07  2.07172e+07
    0.369335   1.63945e+07  2.10069e+07
    0.370146    1.7195e+06  2.06059e+07
    0.370958   3.81207e+07  2.12563e+07
    0.371769   2.31008e+07  2.07009e+07
    0.372581  -3.63482e+06  2.08902e+07
    0.373392   3.61598e+07  1.99209e+07
    0.374203   1.18556e+07  2.10962e+07
    0.375015   5.03152e+07  2.01937e+07
    0.375826   3.52251e+07  2.06717e+07
    0.376637   5.17442e+07  2.03966e+07
    0.377449    2.1977e+07  2.03376e+07
     0.37826   2.04987e+07  2.04414e+07
    0.379072  -1.45904e+07  2.00068e+07
    0.379883   8.94036e+06  2.02806e+07
    0.380694  -1.58101e+06   1.9334e+07
    0.381506   5.15227e+07  1.92588e+07
    0.382317   1.88861e+06    1.974e+07
    0.383128   -1.3562e+06  1.92615e+07
     0.38394   8.85425e+06  1.97187e+07
    0.384751    1.4606e+07  2.02208e+07
    0.385562  -7.63983e+06  1.99926e+07
    0.386374   2.66097e+07  2.03192e+07
    0.387185  -9.60942e+06  2.03498e+07
    0.387997   2.50101e+07  1.99018e+07
    0.388808  -1.27869e+07  1.99435e+07
    0.389619   5.46349e+06  1.97138e+07
    0.390431    2.6337e+07  1.96954e+07
    0.391242  -1.73066e+07  1.98054e+07
    0.392053   1.63627e+07  2.06686e+07
    0.392865    2.7963e+07  1.93433e+07
    0.393676  -3.36636e+06  2.01854e+07
    0.394488  -4.32646e+07  1.97534e+07
    0.395299   1.56493e+07  2.04425e+07
     0.39611   2.34719e+07  1.96623e+07
    0.396922   1.19387e+07  1.98001e+07
    0.397733   2.24646e+07   2.0274e+07
    0.398544   1.53397e+07  2.00518e+07
    0.399356   1.52256e+07  1.97373e+07
    0.400167   2.79446e+07  2.00696e+07
    0.400979   4.33824e+07   1.9718e+07
     0.40179    1.6956e+07  2.00202e+07
    0.402601   2.90221e+07  1.94772e+07
    0.403413   4.42599e+07  1.97796e+07
    0.404224   6.00344e+06  1.97413e+07
    0.405035   2.50088e+07  1.99175e+07
    0.405847   2.86338e+07  1.94843e+07
    0.406658  -6.64715e+06  2.00121e+07
     0.40747    1.4111e+06  1.97857e+07
    0.408281   2.89261e+07  1.92674e+07
    0.409092   2.39062e+07    1.956e+07
    0.409904  -1.08553e+07  1.94817e+07
    0.410715   2.64537e+07  2.00953e+07
    0.411526  -9.32452e+06  2.00312e+07
    0.412338        730053  1.99962e+07
    0.413149   3.07155e+07  1.99576e+07
    0.413961   1.36801e+07  1.94706e+07
    0.414772   8.94798e+06  1.88995e+07
    0.415583   1.07453e+07   1.9494e+07
    0.416395   2.50457e+07   2.0229e+07
    0.417206  -6.50982e+06  2.01312e+07
    0.418017   2.57721e+07  1.96251e+07
    0.418829   2.84647e+07  2.02562e+07
     0.41964   2.38775e+07  1.96051e+07
    0.420452   1.76263e+07  2.01478e+07
    0.421263  -4.53878e+06  1.99464e+07
    0.422074   4.10442e+06   2.0106e+07
    0.422886  -2.05049e+07  1.96254e+07
    0.423697   1.17494e+07  2.00981e+07
    0.424508   5.15669e+06  1.97587e+07
     0.42532   9.38048e+06  2.00722e+07
    0.426131   4.97667e+07  2.00555e+07
    0.426943   1.40859e+07   1.9716e+07
    0.427754   1.51478e+07  1.92205e+07
    0.428565   1.73102e+07  1.99382e+07
    0.429377   3.95415e+06  1.93296e+07
    0.430188   2.06181e+06  1.98613e+07
    0.430999   2.92154e+07  1.92091e+07
    0.431811  -1.31251e+07  1.91482e+07
    0.432622       -871103  2.01489e+07
    0.433434   3.05382e+07  1.98436e+07
    0.434245   1.71395e+07  1.96757e+07
    0.435056   2.53822e+06  1.91646e+07
    0.435868   1.89406e+06   1.9476e+07
    0.436679   3.98914e+06  1.93555e+07
     0.43749   4.85074e+07   1.8755e+07
    0.438302   1.29303e+07  1.96274e+07
    0.439113   2.86011e+07  1.90782e+07
    0.439924   7.28164e+06  1.92616e+07
    0.440736  -1.03634e+07  1.96544e+07
    0.441547  -7.00478e+06  1.96199e+07
    0.442359   2.86654e+07   1.9229e+07
     0.44317    2.0271e+06  1.90782e+07
    0.443981   2.18275e+07  1.92588e+07
    0.444793   2.22932e+07  1.93206e+07
    0.445604   1.15728e+07  1.94986e+07
    0.446415   5.74489e+06  2.04053e+07
    0.447227   4.84911e+07  2.01742e+07
    0.448038   2.39591e+07  1.87458e+07
     0.44885  -9.40464e+06  1.98294e+07
    0.449661   3.75549e+07  1.93534e+07
    0.450472   2.02311e+07  1.95648e+07
    0.451284    3.2399e+07  1.94219e+07
    0.452095   1.04037e+07   1.9957e+07
    0.452906   3.49272e+07  1.92717e+07
    0.453718   1.17664e+07  1.98415e+07
    0.454529   5.25444e+07  1.89962e+07
    0.455341   6.02697e+06  1.95835e+07
    0.456152  -7.69098e+06  1.84785e+07
    0.456963   1.35234e+07  1.98539e+07
    0.457775   6.25865e+07  1.91603e+07
    0.458586   2.41152e+07   1.8306e+07
    0.459397   3.16477e+07  1.79089e+07
    0.460209    2.6334e+07  1.75877e+07
     0.46102   5.21364e+07  1.82675e+07
    0.461832   3.07492e+07  1.88787e+07
    0.462643   1.93072e+07  1.89338e+07
    0.463454   6.37297e+07  1.87476e+07
    0.464266   1.02697e+07  1.78853e+07
    0.465077   2.54506e+07   1.8741e+07
    0.465888  -1.19684e+06  1.90335e+07
      0.4667   1.88664e+07  1.82587e+07
    0.467511   7.21667e+06  1.86616e+07
    0.468323   1.83104e+07  1.88363e+07
    0.469134   1.89618e+07  1.87006e+07
    0.469945   1.84408e+07   1.8966e+07
    0.470757   1.06291e+07  1.84598e+07
    0.471568   3.09619e+07  1.87911e+07
    0.472379   6.71045e+07  1.88359e+07
    0.473191  -4.13201e+07  1.90848e+07
    0.474002    6.8741e+06  1.93497e+07
    0.474814   2.19366e+07  1.91482e+07
    0.475625   5.79473e+07   1.8576e+07
    0.476436   4.63198e+07  1.88938e+07
    0.477248    1.4434e+06  1.92188e+07
    0.478059   2.27634e+07  1.93388e+07
     0.47887   7.36919e+06  1.86498e+07
    0.479682   5.78187e+06  1.85185e+07
    0.480493   1.33784e+07  1.85633e+07
    0.481305   3.77451e+07   1.8701e+07
    0.482116  -3.80857e+06   1.9033e+07
    0.482927   2.67211e+07  1.90447e+07
    0.483739    3.9725e+07  1.87143e+07
     0.48455   3.47107e+07  1.88698e+07
    0.485361   4.78631e+07  1.89819e+07
    0.486173   3.13317e+06  1.80903e+07
    0.486984  -1.31939e+07  1.86009e+07
    0.487796   3.89278e+07  1.98275e+07
    0.488607   3.40494e+07  1.90065e+07
    0.489418   8.63506e+06  1.97308e+07
     0.49023   3.08153e+07  1.90344e+07
    0.491041   3.72395e+06  1.88873e+07
    0.491852   1.18859e+07  1.87727e+07
    0.492664   8.47177e+06  1.83863e+07
    0.493475   4.75128e+07  1.82657e+07
    0.494287   4.72505e+07  1.87944e+07
    0.495098   6.36753e+06  1.89535e+07
    0.495909   3.64864e+07  1.92545e+07
    0.496721   2.28556e+07  1.90181e+07
    0.497532  -1.39442e+07   1.8355e+07
    0.498343   3.35211e+07  1.88411e+07
    0.499155   3.78255e+07  1.89303e+07
    0.499966   3.11574e+07  1.81975e+07
    0.500777       -835411  1.88054e+07
    0.501589   8.00609e+06  1.81895e+07
      0.5024   2.37267e+07  1.90937e+07
    0.503212     1.533e+07  1.91001e+07
    0.504023   8.61753e+06  1.87574e+07
    0.504834  -4.39001e+06  1.88465e+07
    0.505646   3.49333e+06   1.8164e+07
    0.506457   1.08664e+06  1.86775e+07
    0.507268  -1.71396e+06  1.92293e+07
     0.50808   6.68406e+06  1.88103e+07
    0.508891    4.3794e+07  1.79073e+07
    0.509703   4.14101e+07   1.9009e+07
    0.510514   5.87049e+06  1.91572e+07
    0.511325   1.83203e+07   1.8866e+07
    0.512137   2.58782e+07  1.88892e+07
    0.512948   2.95068e+06  1.94465e+07
    0.513759   3.84866e+07   1.8392e+07
    0.514571   1.73486e+07  1.81353e+07
    0.515382    1.2525e+07  1.87271e+07
    0.516194   1.54279e+07  1.84812e+07
    0.517005   3.88028e+07   1.8919e+07
    0.517816   2.89754e+07   1.8884e+07
    0.518628   4.31382e+07  1.80778e+07
    0.519439   3.48428e+07  1.85136e+07
     0.52025   1.75333e+07   1.8743e+07
    0.521062   2.48151e+07   1.8608e+07
    0.521873   -1.3214e+07  1.80786e+07
    0.522685   2.52941e+07  1.83057e+07
    0.523496   1.48448e+07  1.84458e+07
    0.524307  -9.90437e+06  1.83751e+07
    0.525119    2.8828e+07   1.8524e+07
     0.52593   -9.9857e+06  1.80611e+07
    0.526741   2.52323e+06  1.83382e+07
    0.527553  -1.39896e+07  1.87623e+07
    0.528364    1.9629e+07  1.85013e+07
    0.529176   2.54122e+07  1.84529e+07
    0.529987   1.74555e+07  1.84298e+07
    0.530798   1.55963e+07  1.83627e+07
     0.53161   7.21215e+06  1.80775e+07
    0.532421   2.20484e+07  1.84451e+07
    0.533232   2.04503e+07   1.8661e+07
    0.534044   2.27388e+07  1.81597e+07
    0.534855   5.27571e+06  1.81177e+07
    0.535667   2.87533e+07  1.80073e+07
    0.536478    1.6595e+07  1.80524e+07
    0.537289   3.46177e+07  1.72988e+07
    0.538101   3.43734e+07  1.75878e+07
    0.538912   2.64624e+07  1.67496e+07
    0.539723    2.7133e+06  1.76952e+07
    0.540535   1.68602e+07  1.79209e+07
    0.541346   4.99937e+07   1.7474e+07
    0.542158   3.89473e+07  1.85599e+07
    0.542969   2.20649e+07  1.78582e+07
     0.54378   3.25241e+07  1.75819e+07
    0.544592   1.19975e+07  1.78754e+07
    0.545403   1.81796e+07  1.81742e+07
    0.546214    3.6421e+07  1.78384e+07
    0.547026   4.55694e+07  1.79793e+07
    0.547837   8.95014e+06  1.88025e+07
    0.548649   1.12162e+07  1.80313e+07
     0.54946   2.24635e+07  1.75066e+07
    0.550271   3.62491e+07  1.75867e+07
    0.551083   2.40917e+07  1.84401e+07
    0.551894   5.16748e+07  1.77626e+07
    0.552705   2.01002e+07  1.82367e+07
    0.553517  -1.07686e+07  1.79827e+07
    0.554328   1.35784e+07  1.81135e+07
     0.55514   -2.8663e+06  1.86509e+07
    0.555951   2.50597e+07  1.81298e+07
    0.556762  -8.25579e+06  1.81649e+07
    0.557574   1.17321e+07  1.88396e+07
    0.558385   2.61711e+07  1.80538e+07
    0.559196   2.71959e+07   1.9599e+07
    0.560008   2.19272e+07  1.85134e+07
    0.560819   6.05369e+07  1.80766e+07
     0.56163   2.12377e+07   1.8591e+07
    0.562442   6.04202e+07  1.88117e+07
    0.563253   3.37772e+07  1.85843e+07
    0.564065   2.95782e+07  1.86286e+07
    0.564876   2.61685e+07  1.87486e+07
    0.565687   2.23106e+07  1.91359e+07
    0.566499   1.24035e+07  1.78266e+07
     0.56731   1.21857e+07  1.85376e+07
    0.568121   3.08152e+07   1.8818e+07
    0.568933   2.45865e+07   1.8306e+07
    0.569744  -1.03134e+07  1.87222e+07
    0.570556   2.46181e+07   1.8469e+07
    0.571367   1.62368e+07  1.88175e+07
    0.572178   2.40229e+07  1.88986e+07
     0.57299    3.2023e+06  1.90407e+07
    0.573801   2.70446e+06  1.86805e+07
    0.574612   3.33765e+07  1.82942e+07
    0.575424   2.73045e+07  1.87076e+07
    0.576235   7.95124e+06  1.89158e+07
    0.577047    1.3345e+07  1.85729e+07
    0.577858  -3.40675e+07  1.95002e+07
    0.578669   1.78319e+07   1.8455e+07
    0.579481   2.95791e+06  1.84779e+07
    0.580292   5.49225e+06  1.89197e+07
    0.581103  -2.47301e+06  1.87464e+07
    0.581915   4.57934e+07  1.87211e+07
    0.582726  -5.08316e+06  1.87303e+07
    0.583538       -598246  1.87798e+07
    0.584349   2.50898e+07   1.8633e+07
     0.58516   1.19715e+07  1.90103e+07
    0.585972    1.5306e+07  1.88722e+07
    0.586783   1.28947e+07  1.90556e+07
    0.587594  -1.46272e+07  1.86363e+07
    0.588406  -4.39798e+07    1.865e+07
    0.589217   2.42078e+07  1.88576e+07
    0.590029    6.1613e+07  1.86453e+07
     0.59084   7.02531e+06  1.90085e+07
    0.591651   2.96027e+07   1.7715e+07
    0.592463   1.42557e+07  1.89152e+07
    0.593274   3.12115e+07  1.80258e+07
    0.594085    4.4118e+06   1.8316e+07
    0.594897   2.98667e+07  1.87589e+07
    0.595708   1.06896e+06  1.86251e+07
     0.59652   4.66646e+06  1.87089e+07
    0.597331   2.48584e+07  1.85388e+07
    0.598142  -1.97834e+07  1.86902e+07
    0.598954  -1.41016e+07  2.00036e+07
    0.599765   1.65479e+07  1.91765e+07
    0.600576  -5.76626e+06  1.92293e+07
    0.601388        264204  1.88096e+07
    0.602199   1.00299e+07  1.88791e+07
    0.603011   2.55676e+07  1.92611e+07
    0.603822   1.45404e+07  1.83824e+07
    0.604633    5.7118e+07  1.82838e+07
    0.605445   4.78712e+07  1.88293e+07
    0.606256   1.85728e+07  1.82248e+07
    0.607067   1.03979e+07  1.87817e+07
    0.607879   1.74843e+07  1.82482e+07
     0.60869   1.90686e+07  1.85386e+07
    0.609502   5.95681e+06  1.88554e+07
    0.610313   3.69649e+07  1.89086e+07
    0.611124   4.05616e+06  1.84014e+07
    0.611936  -3.44152e+06  1.93761e+07
    0.612747   3.00201e+07  1.91812e+07
    0.613558   2.81626e+07  1.88364e+07
     0.61437  -9.61089e+06  1.88454e+07
