Sample description: RNA2
Sample: RNA2 c= 0.1 Code: Nov22
Subtracted from raw files: "C:\Data\Guanine-aptamer-Nov22\NTPCM-RNA-rep1_0005.img" "C:\Data\Guanine-aptamer-Nov22\NTPCM-buf-rep1_0002.img"
Processed by SAXSLab Tue Nov 23 16:11:22 2021
BeamCenter_X: 754.063 BeamCenter_Y: 199.402
Exposure time (sec): 3600
Pin diode (mean): 5.8665e-08
==============================================
0.00340554 0.0001 0
0.00421663 0.0001 0
0.00502772 0.0001 0
0.00583881 0.0001 0
0.0066499 0.0001 0
0.00746099 0.0001 0
0.00827207 0.0001 0
0.00908316 0.0001 0
0.00989425 1.633 1.71849
0.0107053 1.05509 0.507974
0.0115164 1.11923 0.266884
0.0123275 0.820418 0.190392
0.0131386 1.02638 0.138843
0.0139497 1.11502 0.123842
0.0147608 0.978612 0.131162
0.0155719 0.738335 0.115808
0.016383 1.05912 0.106903
0.017194 0.769332 0.0999912
0.0180051 0.748564 0.101158
0.0188162 1.04013 0.0915615
0.0196273 0.791834 0.0893407
0.0204384 0.913985 0.0861843
0.0212495 0.950257 0.0925661
0.0220606 0.789277 0.0860603
0.0228717 1.07624 0.0783888
0.0236828 0.877988 0.0904878
0.0244938 0.738219 0.0778247
0.0253049 0.958243 0.0742722
0.026116 0.982819 0.0758348
0.0269271 0.903494 0.0687682
0.0277382 0.92164 0.0724849
0.0285493 0.925643 0.0753634
0.0293604 0.867943 0.0671919
0.0301715 0.70428 0.0647483
0.0309825 0.842443 0.0616217
0.0317936 0.697874 0.0684317
0.0326047 0.830263 0.0642023
0.0334158 0.705047 0.0675306
0.0342269 0.648439 0.0646117
0.035038 0.898867 0.0578181
0.0358491 0.783329 0.0603366
0.0366602 0.802412 0.0610702
0.0374713 0.691793 0.0610565
0.0382823 0.743823 0.0571666
0.0390934 0.698583 0.0561494
0.0399045 0.732906 0.0564052
0.0407156 0.668946 0.0577727
0.0415267 0.582759 0.0576363
0.0423378 0.710958 0.0537864
0.0431489 0.5883 0.0522799
0.04396 0.72345 0.0535593
0.044771 0.622746 0.0545448
0.0455821 0.662286 0.0540411
0.0463932 0.616536 0.0525656
0.0472043 0.600561 0.0504217
0.0480154 0.535545 0.0518283
0.0488265 0.533733 0.0484733
0.0496376 0.61928 0.0505426
0.0504487 0.551569 0.0514966
0.0512598 0.559747 0.0480451
0.0520708 0.593524 0.0470144
0.0528819 0.528348 0.0504801
0.053693 0.536622 0.0472268
0.0545041 0.603929 0.0492009
0.0553152 0.543874 0.0461136
0.0561263 0.471702 0.0468593
0.0569374 0.473655 0.0468511
0.0577485 0.538146 0.0459082
0.0585596 0.447241 0.0457186
0.0593706 0.408851 0.042885
0.0601817 0.491566 0.0450104
0.0609928 0.453062 0.04378
0.0618039 0.418675 0.041504
0.062615 0.476431 0.0407142
0.0634261 0.439181 0.0399884
0.0642372 0.402037 0.041722
0.0650483 0.435855 0.0402312
0.0658593 0.461813 0.0410974
0.0666704 0.4119 0.043561
0.0674815 0.418387 0.0401616
0.0682926 0.392351 0.0409591
0.0691037 0.270895 0.0417564
0.0699148 0.30995 0.0409143
0.0707259 0.378612 0.0402157
0.071537 0.349836 0.0386225
0.0723481 0.358459 0.0384526
0.0731591 0.336516 0.039433
0.0739702 0.348382 0.0389058
0.0747813 0.333403 0.0380635
0.0755924 0.347336 0.0388178
0.0764035 0.308515 0.0391676
0.0772146 0.221009 0.0378088
0.0780257 0.286491 0.0384194
0.0788368 0.287014 0.0378159
0.0796478 0.301228 0.0362663
0.0804589 0.248151 0.0358578
0.08127 0.252158 0.0368495
0.0820811 0.323043 0.036376
0.0828922 0.27656 0.0372847
0.0837033 0.299849 0.0363635
0.0845144 0.294925 0.0359381
0.0853255 0.300105 0.0357481
0.0861366 0.238212 0.035286
0.0869476 0.262219 0.0335442
0.0877587 0.205884 0.0333877
0.0885698 0.295314 0.0341933
0.0893809 0.221739 0.0342715
0.090192 0.242965 0.0327081
0.0910031 0.1667 0.0332404
0.0918142 0.210661 0.0336232
0.0926253 0.258761 0.0332067
0.0934363 0.208936 0.0340426
0.0942474 0.210042 0.0323414
0.0950585 0.19271 0.0332517
0.0958696 0.241517 0.0335095
0.0966807 0.155146 0.0328058
0.0974918 0.126813 0.0319624
0.0983029 0.125289 0.0319271
0.099114 0.163178 0.0323774
0.0999251 0.193337 0.0317336
0.100736 0.149022 0.0329847
0.101547 0.187831 0.0326347
0.102358 0.179931 0.0320591
0.103169 0.156004 0.0310753
0.10398 0.208117 0.0310131
0.104792 0.135326 0.0305981
0.105603 0.187928 0.0311548
0.106414 0.165972 0.0308206
0.107225 0.164082 0.0303019
0.108036 0.113711 0.0311506
0.108847 0.18598 0.0311295
0.109658 0.0710922 0.0305036
0.110469 0.145054 0.029524
0.11128 0.0744621 0.030548
0.112091 0.0973513 0.0298896
0.112902 0.109623 0.0291683
0.113714 0.0690807 0.0298969
0.114525 0.146615 0.029149
0.115336 0.149315 0.0277738
0.116147 0.146238 0.0294589
0.116958 0.122877 0.0290523
0.117769 0.108052 0.0292579
0.11858 0.128855 0.0287834
0.119391 0.0453507 0.0288608
0.120202 0.118922 0.0275936
0.121013 0.105181 0.0288263
0.121824 0.0743463 0.0275865
0.122636 0.0414343 0.0276457
0.123447 0.0916744 0.0273332
0.124258 0.144164 0.0278826
0.125069 0.149417 0.0277138
0.12588 0.114024 0.0275592
0.126691 0.077534 0.026485
0.127502 0.110417 0.0269025
0.128313 0.048003 0.0270935
0.129124 0.0928661 0.0272714
0.129935 0.0758735 0.0276084
0.130746 0.079752 0.0265305
0.131557 0.126515 0.0262281
0.132369 0.0709268 0.0265916
0.13318 0.113651 0.0266091
0.133991 0.0399553 0.0264489
0.134802 0.0736717 0.0263546
0.135613 0.135417 0.0262808
0.136424 0.10416 0.0257547
0.137235 0.0306883 0.025783
0.138046 0.0903054 0.0260972
0.138857 0.0603206 0.0267887
0.139668 0.101637 0.0257353
0.140479 0.070489 0.0264443
0.141291 0.0923584 0.0245567
0.142102 0.111501 0.0244238
0.142913 0.0778385 0.0243504
0.143724 0.0773151 0.0252194
0.144535 0.0868674 0.0244231
0.145346 0.0801351 0.0244266
0.146157 0.0576144 0.0250536
0.146968 0.0594679 0.0244624
0.147779 0.0241735 0.0243422
0.14859 0.0832514 0.0245691
0.149401 0.05785 0.0240579
0.150213 0.047328 0.0238686
0.151024 0.0501675 0.0235981
0.151835 0.0784127 0.0236223
0.152646 0.0605378 0.023806
0.153457 0.0488723 0.0233094
0.154268 0.050221 0.0245809
0.155079 0.0577379 0.0247102
0.15589 0.0219682 0.0247126
0.156701 0.0294873 0.0239909
0.157512 0.0174036 0.0241896
0.158323 0.0644085 0.0239851
0.159135 0.0430563 0.0242178
0.159946 0.0271381 0.0243717
0.160757 0.0202813 0.0237187
0.161568 0.036095 0.024375
0.162379 0.0291117 0.0239841
0.16319 0.0101841 0.0247331
0.164001 0.0557544 0.0238936
0.164812 0.0357777 0.0243528
0.165623 0.00375392 0.0240055
0.166434 0.0249242 0.025455
0.167245 0.0329227 0.0252264
0.168056 0.0510125 0.0247164
0.168868 -0.0165273 0.0245911
0.169679 0.0179219 0.0248621
0.17049 0.0336077 0.0243703
0.171301 0.0458563 0.0243741
0.172112 0.0139699 0.0245738
0.172923 -0.00754782 0.0254669
0.173734 0.0565038 0.0246356
0.174545 0.00046259 0.0252695
0.175356 -0.000578212 0.0252465
0.176167 0.0256707 0.0256011
0.176978 0.0341002 0.0259049
0.17779 0.0302022 0.0252642
0.178601 0.0214598 0.0253908
0.179412 0.0298068 0.0255724
0.180223 0.00790204 0.024775
0.181034 0.0491064 0.0254545
0.181845 0.0292846 0.0252875
0.182656 0.0474725 0.0263279
0.183467 -0.0247202 0.0255969
0.184278 0.0472618 0.0250604
0.185089 0.00320308 0.0259435
0.1859 0.015571 0.0250277
0.186712 -0.0230184 0.0251036
0.187523 0.00435304 0.0255313
0.188334 -0.0196974 0.0253719
0.189145 0.0338434 0.0257704
0.189956 0.0646837 0.025303
0.190767 0.00453814 0.0261126
0.191578 0.00662987 0.0251585
0.192389 0.000194653 0.0258668
0.1932 0.0500619 0.025379
0.194011 -0.0420179 0.0247167
0.194822 -0.0227011 0.0252137
0.195633 0.00622288 0.0258592
0.196445 0.0269109 0.0253484
0.197256 -0.00966551 0.0260833
0.198067 -0.0521394 0.0253058
0.198878 0.0182812 0.0257729
0.199689 0.0287552 0.0244638
0.2005 0.00716429 0.0258955
0.201311 0.00535983 0.0247514
0.202122 0.0498617 0.0256283
0.202933 0.0294326 0.0253333
0.203744 -0.00622172 0.0241429
0.204555 -0.0071761 0.0248079
0.205367 0.00890948 0.0252732
0.206178 -0.00850993 0.0243701
0.206989 0.00586639 0.0257198
0.2078 0.00169608 0.0251411
0.208611 0.000949827 0.0253604
0.209422 0.0134524 0.0259195
0.210233 0.026045 0.0261194
0.211044 0.0167532 0.0258223
0.211855 0.0198248 0.0258309
0.212666 -0.0179917 0.0246728
0.213477 0.0137996 0.0271543
0.214289 0.0269108 0.0255489
0.2151 -0.011272 0.0251188
0.215911 -0.0136381 0.0252886
0.216722 0.00218022 0.025132
0.217533 0.0348397 0.0266148
0.218344 -0.0153535 0.0241153
0.219155 0.032854 0.0250746
0.219966 0.0309201 0.0255116
0.220777 0.0341019 0.0252179
0.221588 -0.0333243 0.0235473
0.222399 0.00800899 0.0250364
0.22321 0.0147436 0.0244606
0.224022 0.0210421 0.0250541
0.224833 -0.00604239 0.0250816
0.225644 -0.0325969 0.0252438
0.226455 -0.0178073 0.0259408
0.227266 -0.00993131 0.0245835
0.228077 0.0371343 0.0247741
0.228888 -0.00577891 0.0247199
0.229699 0.00983677 0.0247649
0.23051 -0.0148087 0.0249385
0.231321 0.0075159 0.0249316
0.232132 -0.00817203 0.025583
0.232944 -0.000808088 0.0246871
0.233755 0.015882 0.0251747
0.234566 0.00980505 0.0239738
0.235377 -0.0273574 0.0245415
0.236188 -0.0108627 0.0249737
0.236999 -0.0154707 0.0241566
0.23781 0.00868681 0.0242884
0.238621 0.00644421 0.0242139
0.239432 0.0227085 0.0251182
0.240243 -0.00543187 0.025331
0.241054 -0.00369296 0.025571
0.241866 -0.0123439 0.0236564
0.242677 0.0140721 0.0249474
0.243488 0.0171254 0.0246609
0.244299 0.00413221 0.0249203
0.24511 -0.00296099 0.0246202
0.245921 0.00870645 0.0240056
0.246732 -0.00869135 0.0248588
0.247543 0.0171196 0.025745
0.248354 0.0208489 0.0247555
0.249165 -0.0318137 0.0239217
0.249976 -0.0393609 0.0252496
0.250787 0.0165261 0.0246099
0.251599 0.0199836 0.0251567
0.25241 0.0246388 0.0245481
0.253221 -0.00330483 0.0248641
0.254032 0.0169093 0.023327
0.254843 0.0124113 0.0248033
0.255654 -0.0203836 0.0241745
0.256465 -0.0511192 0.0247416
0.257276 -0.0383272 0.0249231
0.258087 0.0161842 0.0242456
0.258898 0.00486073 0.0242711
0.259709 -0.0475725 0.0235797
0.260521 0.0413332 0.024941
0.261332 0.023512 0.0247888
0.262143 0.0144352 0.0239487
0.262954 0.0116237 0.0242997
0.263765 0.00073301 0.0239656
0.264576 -0.0281078 0.0235563
0.265387 -0.0316056 0.0241153
0.266198 0.0038318 0.0252045
0.267009 0.0149998 0.0241896
0.26782 -0.0177411 0.0238499
0.268631 0.0127738 0.0242654
0.269443 0.0385648 0.0251354
0.270254 -0.017513 0.0251307
0.271065 0.0215362 0.023725
0.271876 0.0139289 0.024709
0.272687 0.0350448 0.0243825
0.273498 -0.0278097 0.0237725
0.274309 0.0134875 0.02417
0.27512 0.0119843 0.0241848
0.275931 -0.0138789 0.0232184
0.276742 -0.0243959 0.024437
0.277553 0.0411616 0.0243917
0.278364 0.0238599 0.0236292
0.279176 0.00614715 0.0247416
0.279987 -0.0389169 0.0245022
0.280798 -0.0258117 0.0231321
0.281609 -0.0116056 0.0244008
0.28242 0.0318179 0.0239623
0.283231 0.010075 0.0244653
0.284042 -0.0245549 0.0251107
0.284853 0.00530497 0.0238869
0.285664 -0.0242585 0.0246253
0.286475 0.00864017 0.0234652
0.287286 0.00454555 0.024149
0.288098 -0.0356438 0.0237632
0.288909 0.0125255 0.0245184
0.28972 -0.0245308 0.0240707
0.290531 0.0216722 0.0239046
0.291342 0.0139516 0.024321
0.292153 -0.0137603 0.0248089
0.292964 -0.0367541 0.0242812
0.293775 0.0182222 0.0240148
0.294586 0.0203052 0.0236589
0.295397 -0.0479585 0.0252559
0.296208 0.0243341 0.0245569
0.29702 -0.0210133 0.0240942
0.297831 0.0129713 0.0243898
0.298642 0.0154722 0.0241706
0.299453 -0.00606852 0.0232515
0.300264 -0.0260643 0.0230142
0.301075 -0.00466484 0.0223794
0.301886 0.0136987 0.0219101
0.302697 -0.0127019 0.0237579
0.303508 0.00403687 0.0239445
0.304319 -0.0511194 0.0230066
0.30513 0.0200772 0.0226371
0.305941 0.00386587 0.022674
0.306753 0.020102 0.0231355
0.307564 -0.0234004 0.0236114
0.308375 -0.0323288 0.0232714
0.309186 -0.016282 0.0235732
0.309997 0.0342047 0.0232868
0.310808 -0.0100596 0.0234668
0.311619 -0.0195137 0.0232794
0.31243 -0.0488504 0.0230717
0.313241 -0.0124751 0.02365
0.314052 -0.0204746 0.0237594
0.314863 -0.0278176 0.0239239
0.315675 0.00739957 0.02157
0.316486 -0.0323689 0.0231726
0.317297 -0.0182542 0.0237153
0.318108 0.0054021 0.0239105
0.318919 0.000631939 0.0229277
0.31973 0.0127346 0.0234776
0.320541 -0.00291386 0.0235216
0.321352 -0.00108298 0.0226214
0.322163 0.0166761 0.0233293
0.322974 0.00607485 0.0235498
0.323785 0.00911883 0.0225619
0.324597 0.00491239 0.0229088
0.325408 0.010322 0.0231222
0.326219 -0.033874 0.0230692
0.32703 -0.00438369 0.0237223
0.327841 -0.00302636 0.0232287
0.328652 -0.00949605 0.0224186
0.329463 0.00114417 0.0225464
0.330274 -0.0224905 0.0234721
0.331085 0.0237502 0.0224508
0.331896 -0.00960092 0.023155
0.332707 -0.0210893 0.0231244
0.333518 0.0240046 0.0225339
0.33433 -0.0425059 0.0225968
0.335141 0.000464179 0.0235751
0.335952 -0.0223773 0.0225783
0.336763 -0.0363795 0.0230746
0.337574 -0.0315245 0.0228957
0.338385 0.0094837 0.0234416
0.339196 -0.0471727 0.022858
0.340007 -0.0335891 0.0235923
0.340818 0.0024351 0.0230267
0.341629 -0.0213879 0.0230936
0.34244 0.00441834 0.0231947
0.343252 -0.0118732 0.0230008
0.344063 -0.0353333 0.0222264
0.344874 0.00367557 0.022837
0.345685 0.0204259 0.0228948
0.346496 0.0100631 0.021953
0.347307 -0.0146695 0.0229713
0.348118 -0.0231138 0.0224784
0.348929 0.00530641 0.0221997
0.34974 -0.0315877 0.0233175
0.350551 -0.00800517 0.0232408
0.351362 -0.0228851 0.022563
0.352174 -0.0366582 0.0238205
0.352985 -0.0328014 0.022991
0.353796 -0.0415013 0.0231263
0.354607 -0.025829 0.0230077
0.355418 -0.0422214 0.0228191
0.356229 -0.00372062 0.0220183
0.35704 -0.0193766 0.0223018
0.357851 -0.0345135 0.0228223
0.358662 -0.0428418 0.0226024
0.359473 -0.0251426 0.0223968
0.360284 -0.00902637 0.0227178
0.361095 -0.0221911 0.022455
0.361907 -0.0167112 0.0223934
0.362718 0.0153248 0.0223214
0.363529 0.0144912 0.022884
0.36434 0.0146743 0.0231406
0.365151 0.0266294 0.0217884
0.365962 0.034934 0.0221428
0.366773 0.029015 0.0234947
0.367584 -0.00164305 0.0226793
0.368395 0.0164115 0.0226892
0.369206 0.00586712 0.0229368
0.370017 0.039525 0.022779
0.370829 0.026598 0.0227644
0.37164 -0.0397333 0.0219869
0.372451 -0.00583393 0.0224069
0.373262 -0.0136928 0.0229011
0.374073 -0.00286573 0.0224797
0.374884 -0.037906 0.0229612
0.375695 -0.0262563 0.0232864
0.376506 0.00797792 0.0229126
0.377317 -0.0181864 0.0226419
0.378128 0.0130897 0.0219903
0.378939 0.0013082 0.0225424
0.379751 -0.00577041 0.0225078
0.380562 -0.036772 0.0213002
0.381373 0.00616188 0.0211557
0.382184 -0.0209426 0.0218817
0.382995 -0.0187587 0.0218741
0.383806 0.0243673 0.0220662
0.384617 0.00382054 0.0221988
0.385428 -0.0336179 0.0218324
0.386239 0.0143456 0.022731
0.38705 0.015261 0.0219445
0.387861 0.015928 0.0213832
0.388672 -0.00652672 0.0221922
0.389484 -0.0529895 0.0221694
0.390295 0.0019441 0.0224856
0.391106 0.0300576 0.0222426
0.391917 0.0493731 0.0221491
0.392728 0.0222106 0.0219893
0.393539 -0.00595545 0.0216946
0.39435 -0.0172708 0.0216771
0.395161 0.0216407 0.0213562
0.395972 -0.0229164 0.022008
0.396783 -0.0428769 0.0217422
0.397594 -0.0164384 0.0230971
0.398406 0.0145542 0.0217956
0.399217 -0.0197657 0.0223027
0.400028 0.0152436 0.022542
0.400839 -0.00571927 0.0220811
0.40165 0.0272803 0.0226023
0.402461 -0.0643881 0.0219286
0.403272 0.00786166 0.0217441
0.404083 0.0122473 0.0209431
0.404894 0.00296725 0.0219786
0.405705 -0.0029332 0.0220673
0.406516 -0.0181554 0.0216121
0.407328 0.0177488 0.0214571
0.408139 -0.0164209 0.0216878
0.40895 0.00331819 0.0217349
0.409761 -0.0404972 0.0217501
0.410572 -0.0096228 0.021442
0.411383 -0.0296975 0.0224476
0.412194 -0.0313408 0.0223032
0.413005 -0.00024896 0.0214097
0.413816 -0.0060652 0.0221913
0.414627 -0.00739312 0.0218361
0.415438 0.0152001 0.0217227
0.41625 -0.0197896 0.0219006
0.417061 0.00473423 0.021353
0.417872 0.00582 0.0218605
0.418683 0.00168072 0.0216014
0.419494 0.0212911 0.0219978
0.420305 0.0105234 0.0215964
0.421116 -0.0229836 0.021839
0.421927 0.00945307 0.0220679
0.422738 0.00463326 0.0230403
0.423549 -0.0199264 0.0226194
0.42436 -0.0311759 0.0219712
0.425171 -0.000143632 0.0214871
0.425983 -0.0139212 0.0218472
0.426794 -0.0165737 0.0212713
0.427605 -0.00973777 0.021267
0.428416 -0.0289523 0.022463
0.429227 0.0119342 0.0215843
0.430038 0.000517019 0.0213469
0.430849 -0.0476347 0.0209183
0.43166 -0.0240628 0.021987
0.432471 -0.00717795 0.0221994
0.433282 -0.0180729 0.022575
0.434093 -0.0359709 0.0221644
0.434905 0.0479195 0.0217536
0.435716 -0.0138788 0.0223227
0.436527 -0.0606381 0.0217355
0.437338 0.00625185 0.0222525
0.438149 0.0317425 0.0226061
0.43896 -0.00033337 0.0218987
0.439771 0.0257839 0.0220517
0.440582 -0.00596243 0.0217842
0.441393 0.00800933 0.0220415
0.442204 -0.0254443 0.0215819
0.443015 -0.00636221 0.0216612
0.443827 -0.0313293 0.0217772
0.444638 0.00913319 0.0219789
0.445449 -0.00188286 0.0217878
0.44626 -0.0519977 0.0222324
0.447071 -0.0322973 0.0221576
0.447882 -0.053347 0.0218685
0.448693 0.0256099 0.0220881
0.449504 -0.0221957 0.0215556
0.450315 -0.0086421 0.0215443
0.451126 -0.0118778 0.0217362
0.451937 0.016905 0.0214025
0.452748 -0.0207436 0.0217499
0.45356 0.00396082 0.0220591
0.454371 -0.0241226 0.0215502
0.455182 -0.0255812 0.0217354
0.455993 -0.0090784 0.0207437
0.456804 -0.0272003 0.02135
0.457615 -0.0315872 0.0212923
0.458426 -0.0150296 0.0212689
0.459237 0.0375396 0.0205767
0.460048 0.0194269 0.0202762
0.460859 -0.0486777 0.0206354
0.46167 -0.0333705 0.0203023
0.462482 -0.0115756 0.0205491
0.463293 0.0192246 0.0212179
0.464104 -0.0449811 0.0211208
0.464915 -0.0388978 0.0214024
0.465726 -0.0182472 0.020927
0.466537 -0.00492656 0.0212466
0.467348 -0.00946271 0.0212994
0.468159 -0.0387566 0.0215768
0.46897 -0.00194702 0.0212245
0.469781 -0.0153903 0.0203193
0.470592 0.00858088 0.021134
0.471404 -0.0506769 0.0207896
0.472215 0.0111592 0.0210215
0.473026 -0.00993782 0.0219914
0.473837 -0.00174237 0.0215822
0.474648 -0.0341202 0.0208034
0.475459 -0.00970106 0.0212732
0.47627 0.0129131 0.0220194
0.477081 0.00984941 0.0216496
0.477892 -0.00801806 0.0211372
0.478703 0.0106463 0.020712
0.479514 0.0172605 0.0212888
0.480325 -0.0176288 0.0217584
0.481137 0.00436878 0.0210529
0.481948 -0.0108138 0.0201543
0.482759 0.0462919 0.0208476
0.48357 -0.0239844 0.0213503
0.484381 0.0298767 0.0210418
0.485192 -0.0164969 0.0212006
0.486003 -0.0333143 0.0211923
0.486814 -0.00302111 0.020777
0.487625 0.0384459 0.0216558
0.488436 -0.0225441 0.0213051
0.489247 -0.0167481 0.0216635
0.490059 -0.0108742 0.0210811
0.49087 -0.0168103 0.0210094
0.491681 -0.015017 0.0216901
0.492492 -0.00947185 0.0206845
0.493303 0.0058534 0.0210025
0.494114 0.0226401 0.0213925
0.494925 0.00511179 0.0211019
0.495736 0.000243842 0.0215674
0.496547 0.00236116 0.0215371
0.497358 0.0314059 0.0215255
0.498169 -0.035805 0.0217044
0.498981 -0.026806 0.0215672
0.499792 0.00903961 0.0211585
0.500603 0.00114582 0.0215988
0.501414 0.0197399 0.0210114
0.502225 -0.0103604 0.0214241
0.503036 -0.0109863 0.0210301
0.503847 -0.00759269 0.0217727
0.504658 -0.008876 0.0213989
0.505469 -0.0191798 0.0206458
0.50628 0.00427298 0.0207548
0.507091 -0.00769756 0.0210604
0.507902 -0.00038314 0.0212462
0.508714 0.0293505 0.0209879
0.509525 -0.0103263 0.0212544
0.510336 -0.0327525 0.0212396
0.511147 0.00247581 0.0203035
0.511958 -0.0221299 0.0211341
0.512769 0.0364648 0.0209973
0.51358 -0.00117807 0.0211014
0.514391 -0.0493258 0.0207014
0.515202 -0.0146378 0.0212314
0.516013 0.0186259 0.020205
0.516824 0.0217547 0.0204984
0.517636 -0.0101237 0.0209873
0.518447 -0.0317862 0.0207421
0.519258 0.01117 0.0212398
0.520069 -0.00351456 0.0211198
0.52088 -0.0151303 0.0207352
0.521691 -0.0114016 0.0212326
0.522502 -0.0174114 0.0202279
0.523313 -0.0189062 0.0203823
0.524124 0.00721945 0.0209971
0.524935 0.0172405 0.0210467
0.525746 0.0295465 0.02049
0.526558 0.0306466 0.0207482
0.527369 -0.0332878 0.0205924
0.52818 -0.0392347 0.0209563
0.528991 -0.0190789 0.0210585
0.529802 0.011513 0.0219609
0.530613 -0.00253091 0.0210668
0.531424 -0.0130438 0.0208688
0.532235 0.0423437 0.0212151
0.533046 0.0137159 0.0205031
0.533857 0.00594361 0.0208613
0.534668 0.00629842 0.0206421
0.535479 0.0167033 0.0206289
0.536291 -0.0185504 0.0206685
0.537102 0.0294155 0.0199314
0.537913 0.00179825 0.0195864
0.538724 -0.0699973 0.0203686
0.539535 -0.00106184 0.0199749
0.540346 0.00622467 0.0204306
0.541157 -0.0189237 0.020873
0.541968 -0.00555474 0.0204659
0.542779 0.0150684 0.0203315
0.54359 0.00305155 0.0207199
0.544401 -0.0186442 0.0202578
0.545213 -0.0202908 0.0202287
0.546024 -0.0306252 0.0206324
0.546835 -0.0243202 0.0208219
0.547646 -0.0263024 0.0198671
0.548457 -0.0213054 0.020296
0.549268 -0.00120877 0.0205814
0.550079 0.0142634 0.020513
0.55089 -0.0117261 0.0209216
0.551701 0.0428249 0.0204783
0.552512 0.0147709 0.0205004
0.553323 -0.0313702 0.0205771
0.554135 0.00874546 0.0207941
0.554946 0.0334441 0.0213279
0.555757 -0.0285864 0.020395
0.556568 -0.0262504 0.0200679
0.557379 -0.0329324 0.021218
0.55819 0.0237181 0.0208148
0.559001 -0.0166067 0.0206709
0.559812 -0.0135089 0.0210579
0.560623 -0.0291818 0.0210413
0.561434 -0.0073991 0.0218791
0.562245 -0.00395739 0.0211973
0.563056 -0.000245986 0.0212265
0.563868 -0.0477189 0.0207693
0.564679 0.0138258 0.0213074
0.56549 -0.0278894 0.021541
0.566301 -0.0258248 0.0210734
0.567112 0.0208799 0.0210106
0.567923 -0.0401052 0.0207583
0.568734 -0.0282331 0.021564
0.569545 -0.0160747 0.0214091
0.570356 -0.0090308 0.0204393
0.571167 -0.0152939 0.0209959
0.571978 0.00900623 0.0213512
0.57279 -0.00219293 0.0209323
0.573601 -0.00260113 0.0213409
0.574412 -0.01739 0.020899
0.575223 -0.0281528 0.0205838
0.576034 -0.0131075 0.0216236
0.576845 0.0146686 0.0215769
0.577656 -0.0106632 0.0216386
0.578467 0.0104335 0.0215854
0.579278 -0.0114803 0.0214886
0.580089 -0.0220863 0.0214042
0.5809 -0.036032 0.0213975
0.581712 0.000661975 0.0209467
0.582523 -0.00120209 0.0214137
0.583334 -0.00749492 0.0210947
0.584145 0.00169735 0.0211519
0.584956 -0.0205651 0.021608
0.585767 -0.0254746 0.0212321
0.586578 -0.0058085 0.0214575
0.587389 0.0215139 0.0217402
0.5882 0.00815918 0.0221256
0.589011 0.000458964 0.0210084
0.589822 0.000732121 0.0219384
0.590633 -0.00331088 0.021511
0.591445 0.013887 0.0217136
0.592256 0.0329503 0.0215251
0.593067 -0.0394501 0.0219029
0.593878 -0.0296025 0.0221635
0.594689 -0.0186329 0.0215586
0.5955 0.0138852 0.0214256
0.596311 0.00564999 0.0216251
0.597122 -0.0110291 0.0210344
0.597933 -0.00376151 0.0210972
0.598744 -0.0547229 0.0212475
0.599555 -0.0447276 0.0215911
0.600367 0.0145679 0.0211364
0.601178 -0.033189 0.0218287
0.601989 -0.0225308 0.0219294
0.6028 -0.0510199 0.0216616
0.603611 -0.0191041 0.0213268
0.604422 -0.0373418 0.0210845
0.605233 0.0182954 0.0211135
0.606044 -0.0294782 0.021958
0.606855 -0.0472755 0.0213976
0.607666 -0.0100782 0.0219318
0.608477 -0.033811 0.0213484
0.609289 0.0130385 0.0203053
0.6101 -0.023692 0.0225696
0.610911 0.00406397 0.0210829
0.611722 0.0362194 0.0213247
0.612533 0.0478139 0.0216518
0.613344 0.00214176 0.0212336
0.614155 0.000561285 0.0208841
==============================================
Sample description:                     RNA2
Sample code:                            Nov22
Sample concentration:                   0.1
Beam center X [px]:                     754.063
Beam center Y [px]:                     199.402
Exposure time [s]:                      3600
Sample temperature [deg C]:             4
