#
# Fitted experimental I(q) and calculated I(q) in multi-column format
#
# Columns 1 though 5 are:
#   1) Q (from experimental data)
#   2) Fitted experimental I(q)
#   3) Experimental error after fit
#   4) Calculated/model I(q) (no fit)
#   5) Error of calculated I(q)
#
 0.0340569         -864384          0      3.04733e+07     181700
 0.0421706         -864384          0      3.0441e+07     181445
 0.0502843         -864384          0      3.04086e+07     181190
 0.0583981         -864384          0      3.03763e+07     180934
 0.0665118         -864384          0      3.0344e+07     180679
 0.0746255         -864384          0      3.03116e+07     180424
 0.0827393         -864384          0      3.02793e+07     180169
  0.090853         -864384          0      3.0247e+07     179914
 0.0989667         -864384          0      3.02146e+07     179658
   0.10708      1.38894e+07 2.91892e+07      3.01281e+07     178994
  0.115194      6.03187e+07 1.47013e+07      3.00337e+07     178270
  0.123308      4.18031e+07 1.18546e+07      2.99393e+07     177546
  0.131422      5.10518e+07 9.96268e+06      2.98449e+07     176822
  0.139535      4.81362e+07 8.37554e+06      2.97505e+07     176098
  0.147649      5.18262e+07 6.86049e+06      2.96561e+07     175374
  0.155763      6.23362e+07 6.17412e+06      2.95617e+07     174650
  0.163877      4.68127e+07 7.05554e+06      2.94673e+07     173926
   0.17199      4.01547e+07 5.59458e+06      2.93729e+07     173202
  0.180104      4.3717e+07 6.28073e+06      2.92785e+07     172478
  0.188218      5.46556e+07 4.68053e+06      2.91841e+07     171753
  0.196332      4.32627e+07 6.02294e+06      2.90897e+07     171029
  0.204445      4.24886e+07 5.35759e+06      2.89654e+07     170109
  0.212559      3.73286e+07 4.98045e+06      2.88165e+07     169026
  0.220673      4.80861e+07 4.85791e+06      2.86677e+07     167943
  0.228786      3.77572e+07 4.9586e+06      2.85188e+07     166860
    0.2369      3.7113e+07 4.87398e+06      2.83699e+07     165777
  0.245014      4.08067e+07 4.13869e+06      2.8221e+07     164694
  0.253128      3.99822e+07 4.40446e+06      2.80721e+07     163611
  0.261241      4.20015e+07 4.46877e+06      2.79232e+07     162528
  0.269355      3.64481e+07 4.30657e+06      2.77743e+07     161445
  0.277469      3.41032e+07 4.64768e+06      2.76254e+07     160362
  0.285583      4.45498e+07 3.68746e+06      2.74766e+07     159279
  0.293696      3.97342e+07 4.18143e+06      2.73277e+07     158196
   0.30181      4.59934e+07 3.93803e+06      2.71692e+07     157067
  0.309924      3.98123e+07 3.69082e+06      2.69773e+07     155778
  0.318038      4.74852e+07 3.88282e+06      2.67854e+07     154488
  0.326151      3.16737e+07 3.66189e+06      2.65935e+07     153198
  0.334265      3.48411e+07 3.98137e+06      2.64016e+07     151909
  0.342379      3.59411e+07 3.69202e+06      2.62097e+07     150619
  0.350492      2.92734e+07 3.57513e+06      2.60178e+07     149329
  0.358606      3.45053e+07 3.66015e+06      2.58259e+07     148040
   0.36672      3.51581e+07 3.50649e+06      2.56339e+07     146750
  0.374834      3.74126e+07 3.34136e+06      2.5442e+07     145460
  0.382947      2.93244e+07 3.34988e+06      2.52501e+07     144171
  0.391061      3.22578e+07 3.22945e+06      2.50582e+07     142881
  0.399175      3.06286e+07 3.21616e+06      2.48663e+07     141591
  0.407289      2.85431e+07 3.28647e+06      2.46483e+07     140256
  0.415402      3.1058e+07 3.07001e+06      2.44274e+07     138916
  0.423516      4.12165e+07 3.20982e+06      2.42065e+07     137576
   0.43163      3.29871e+07 3.31228e+06      2.39856e+07     136235
  0.439743      3.26127e+07 2.9965e+06      2.37647e+07     134895
  0.447857      2.49743e+07 3.13196e+06      2.35437e+07     133555
  0.455971      2.70677e+07 3.14696e+06      2.33228e+07     132215
  0.464085      2.99901e+07 3.09545e+06      2.31019e+07     130874
  0.472198      2.69743e+07 2.93339e+06      2.2881e+07     129534
  0.480312      3.13682e+07 2.83085e+06      2.26601e+07     128194
  0.488426      1.78513e+07 2.83617e+06      2.24391e+07     126854
   0.49654      2.32748e+07 2.92166e+06      2.22182e+07     125514
  0.504653      2.97843e+07 2.77499e+06      2.19891e+07     124216
  0.512767      2.63062e+07 2.78763e+06      2.1754e+07     122949
  0.520881      2.66483e+07 2.75877e+06      2.15188e+07     121683
  0.528995      2.06439e+07 2.73437e+06      2.12836e+07     120417
  0.537108      1.97589e+07 2.74146e+06      2.10485e+07     119151
  0.545222      2.7427e+07 2.73527e+06      2.08133e+07     117884
  0.553336      2.6138e+07 2.64553e+06      2.05782e+07     116618
  0.561449      2.32375e+07 2.63121e+06      2.0343e+07     115352
  0.569563      1.99107e+07 2.64702e+06      2.01079e+07     114085
  0.577677      2.5381e+07 2.50171e+06      1.98727e+07     112819
  0.585791      2.31682e+07 2.59883e+06      1.96375e+07     111553
  0.593904      2.12962e+07 2.56134e+06      1.94024e+07     110286
  0.602018      2.12914e+07 2.56412e+06      1.91671e+07     109052
  0.610132      2.09962e+07 2.59942e+06      1.89317e+07     107916
  0.618246      1.96969e+07 2.41286e+06      1.86962e+07     106780
  0.626359      1.85637e+07 2.53551e+06      1.84608e+07     105644
  0.634473      2.13794e+07 2.44082e+06      1.82253e+07     104508
  0.642587      2.12976e+07 2.40699e+06      1.79899e+07     103372
  0.650701      2.22398e+07 2.4049e+06      1.77544e+07     102236
  0.658814      1.97669e+07 2.33218e+06      1.7519e+07     101100
  0.666928      1.46805e+07 2.33989e+06      1.72835e+07    99963.7
  0.675042      1.73121e+07 2.39311e+06      1.70481e+07    98827.5
  0.683155      1.93934e+07 2.3649e+06      1.68126e+07    97691.6
  0.691269      1.85663e+07 2.40797e+06      1.65772e+07    96555.4
  0.699383      1.48167e+07 2.27759e+06      1.63417e+07    95419.3
  0.707497      1.73497e+07 2.28377e+06      1.61169e+07    94382.4
   0.71561      1.83202e+07 2.30099e+06      1.5893e+07    93353.7
  0.723724      1.79983e+07 2.20391e+06      1.5669e+07    92324.9
  0.731838      1.12728e+07 2.32031e+06      1.54451e+07    91296.2
  0.739952      1.39697e+07 2.22805e+06      1.52212e+07    90267.4
  0.748065      1.6085e+07 2.26027e+06      1.49973e+07    89238.7
  0.756179      1.65065e+07 2.27023e+06      1.47733e+07      88210
  0.764293      1.77549e+07 2.12576e+06      1.45494e+07    87181.2
  0.772407      1.57333e+07 2.18779e+06      1.43254e+07    86152.4
   0.78052      1.30784e+07 2.17212e+06      1.41015e+07    85123.8
  0.788634      1.93364e+07 2.09487e+06      1.38776e+07      84095
  0.796748      1.19128e+07 2.1713e+06      1.36537e+07    83066.2
  0.804861      1.35186e+07 2.18206e+06      1.34419e+07    82122.7
  0.812975      1.18067e+07 2.15872e+06      1.32382e+07    81235.9
  0.821089      1.2308e+07 2.19229e+06      1.30345e+07    80349.1
  0.829203      1.56111e+07 2.08047e+06      1.28309e+07    79462.4
  0.837316      1.23078e+07 2.09414e+06      1.26272e+07    78575.7
   0.84543      1.34271e+07 2.05938e+06      1.24236e+07    77688.9
  0.853544      1.36804e+07 1.96553e+06      1.22199e+07    76802.2
  0.861658      1.0898e+07 2.01786e+06      1.20162e+07    75915.4
  0.869771      1.00531e+07 2.02809e+06      1.18126e+07    75028.8
  0.877885      1.12831e+07 2.0124e+06      1.16089e+07      74142
  0.885999      9.74176e+06 1.95042e+06      1.14052e+07    73255.2
  0.894113      8.35255e+06 2.0098e+06      1.12016e+07    72368.5
  0.902226      1.16685e+07 2.03083e+06      1.1005e+07    71514.5
   0.91034      1.47694e+07 2.02027e+06      1.08269e+07    70746.7
  0.918454      1.17708e+07 1.92526e+06      1.06489e+07    69978.9
  0.926567      1.31015e+07 1.97961e+06      1.04709e+07    69211.3
  0.934681      1.44657e+07 1.89877e+06      1.02929e+07    68443.5
  0.942795      1.03304e+07 1.9397e+06      1.01149e+07    67675.7
  0.950909      1.04371e+07 1.95477e+06      9.93685e+06    66907.9
  0.959022      7.48074e+06 1.91797e+06      9.75885e+06    66140.3
  0.967136      7.70238e+06 1.96703e+06      9.58083e+06    65372.5
   0.97525      7.84605e+06 1.94173e+06      9.40281e+06    64604.7
  0.983364      1.14809e+07 1.88256e+06      9.22479e+06    63836.9
  0.991477      8.48244e+06 1.84524e+06      9.04679e+06    63069.3
  0.999591      9.32934e+06 1.9238e+06      8.86876e+06    62301.5
    1.0077      6.50973e+06 1.86487e+06      8.71723e+06    61626.8
   1.01582      8.72618e+06 1.80162e+06      8.56689e+06    60956.2
   1.02393      8.90545e+06 1.89663e+06      8.41674e+06    60286.4
   1.03205      1.10882e+07 1.81951e+06      8.26641e+06    59615.7
   1.04016      9.00963e+06 1.83973e+06      8.11626e+06    58945.9
   1.04827      6.8008e+06 1.80137e+06      7.9661e+06    58276.1
   1.05639      8.24778e+06 1.84336e+06      7.81577e+06    57605.4
    1.0645      4.38285e+06 1.75982e+06      7.66562e+06    56935.6
   1.07261      6.10217e+06 1.80118e+06      7.51547e+06    56265.8
   1.08073      6.49893e+06 1.77622e+06      7.36513e+06    55595.1
   1.08884      8.12615e+06 1.74098e+06      7.21498e+06    54925.3
   1.09696      9.50164e+06 1.82209e+06      7.06464e+06    54254.7
   1.10507      6.34218e+06 1.7742e+06      6.93151e+06    53631.1
   1.11318      7.16984e+06 1.75196e+06      6.80859e+06    53035.2
    1.1213      7.79769e+06 1.70767e+06      6.68551e+06    52438.5
   1.12941      7.5995e+06 1.74075e+06      6.56258e+06    51842.6
   1.13752      5.49101e+06 1.77594e+06      6.43966e+06    51246.7
   1.14564          810957 1.72855e+06      6.31658e+06    50650.1
   1.15375      7.65283e+06 1.69582e+06      6.19366e+06    50054.2
   1.16187      8.39685e+06 1.64188e+06      6.07058e+06    49457.6
   1.16998      4.46702e+06 1.67732e+06      5.94765e+06    48861.7
   1.17809      5.79932e+06 1.67645e+06      5.82473e+06    48265.8
   1.18621      6.91562e+06 1.62873e+06      5.70165e+06    47669.1
   1.19432      6.33407e+06 1.62745e+06      5.57872e+06    47073.2
   1.20243      4.58247e+06 1.70318e+06      5.46321e+06    46496.7
   1.21055      6.90022e+06 1.64961e+06      5.3649e+06    45964.7
   1.21866      3.95014e+06 1.61976e+06      5.26672e+06    45433.4
   1.22678      5.29823e+06 1.63096e+06      5.16841e+06    44901.4
   1.23489      8.87849e+06 1.70606e+06      5.07023e+06    44370.1
     1.243      5.33065e+06 1.63104e+06      4.97204e+06    43838.8
   1.25112      5.86119e+06 1.69665e+06      4.87374e+06    43306.8
   1.25923      4.37001e+06 1.65885e+06      4.77555e+06    42775.4
   1.26734      5.79781e+06 1.64016e+06      4.67736e+06    42244.1
   1.27546      3.71354e+06 1.59339e+06      4.57906e+06    41712.1
   1.28357      6.20461e+06 1.64206e+06      4.48087e+06    41180.8
   1.29169      6.00172e+06 1.57674e+06      4.38257e+06    40648.8
    1.2998      3.70287e+06 1.61698e+06      4.28438e+06    40117.5
   1.30791      5.80775e+06 1.59803e+06      4.20683e+06    39647.1
   1.31603      4.15115e+06 1.60923e+06      4.1297e+06    39177.7
   1.32414      3.50712e+06 1.58866e+06      4.05267e+06    38708.9
   1.33225      5.25841e+06 1.58554e+06      3.97564e+06      38240
   1.34037      2.81443e+06 1.50604e+06      3.89852e+06    37770.6
   1.34848          185418 1.53504e+06      3.82149e+06    37301.8
    1.3566      4.9467e+06 1.52096e+06      3.74436e+06    36832.4
   1.36471      2.90156e+06 1.59281e+06      3.66733e+06    36363.5
   1.37282      6.35196e+06 1.51585e+06      3.5903e+06    35894.7
   1.38094      6.22969e+06 1.4934e+06      3.51318e+06    35425.3
   1.38905      3.57089e+06 1.52224e+06      3.43615e+06    34956.4
   1.39716      3.56601e+06 1.50985e+06      3.35911e+06    34487.6
   1.40528      3.42093e+06 1.51428e+06      3.2932e+06    34052.5
   1.41339      1.87633e+06 1.51046e+06      3.23338e+06    33636.4
   1.42151      5.47859e+06 1.44565e+06      3.17349e+06    33219.8
   1.42962      3.36495e+06 1.42438e+06      3.11367e+06    32803.7
   1.43773      2.10753e+06 1.49156e+06      3.05386e+06    32387.5
   1.44585      3.75453e+06 1.47019e+06      2.99397e+06    31970.9
   1.45396      2.44295e+06 1.47569e+06      2.93415e+06    31554.8
   1.46207      5.78084e+06 1.44212e+06      2.87434e+06    31138.7
   1.47019      1.63263e+06 1.44737e+06      2.81445e+06    30722.1
    1.4783      2.99093e+06 1.48172e+06      2.75463e+06      30306
   1.48641      1.80762e+06 1.44308e+06      2.69481e+06    29889.9
   1.49453      3.1479e+06 1.44485e+06      2.63492e+06    29473.3
   1.50264      2.75913e+06 1.41383e+06      2.5795e+06    29072.4
   1.51076      2.41493e+06 1.43233e+06      2.5331e+06    28702.7
   1.51887      2.57032e+06 1.46782e+06      2.48677e+06    28333.4
   1.52698      2.18564e+06 1.41145e+06      2.44044e+06    27964.1
    1.5351      2.88617e+06 1.44765e+06      2.39404e+06    27594.4
   1.54321      4.24718e+06 1.43476e+06      2.34771e+06    27225.1
   1.55132      3.1512e+06 1.45006e+06      2.30137e+06    26855.8
   1.55944      2.73849e+06 1.44011e+06      2.25498e+06    26486.1
   1.56755      3.65302e+06 1.44433e+06      2.20865e+06    26116.8
   1.57567      -1.21868e+06 1.42812e+06      2.16225e+06    25747.1
   1.58378      3.37584e+06 1.43656e+06      2.11592e+06    25377.8
   1.59189      2.0102e+06 1.44862e+06      2.06958e+06    25008.6
   1.60001         -387978 1.44121e+06      2.02321e+06    24638.9
   1.60812          926672 1.43075e+06      1.98718e+06      24312
   1.61623      2.96787e+06 1.40597e+06      1.95115e+06    23985.2
   1.62435          765359 1.44454e+06      1.91507e+06    23657.9
   1.63246      2.4184e+06 1.45034e+06      1.87904e+06    23331.1
   1.64058      3.11247e+06 1.4148e+06      1.84297e+06    23003.8
   1.64869      2.32086e+06 1.42926e+06      1.80694e+06    22676.9
    1.6568          632635 1.4276e+06      1.77091e+06    22350.1
   1.66492      5.78387e+06 1.41207e+06      1.73484e+06    22022.8
   1.67303      2.50567e+06 1.46179e+06      1.69881e+06      21696
   1.68114      3.97461e+06 1.4123e+06      1.66278e+06    21369.1
   1.68926      2.01125e+06 1.47836e+06      1.6267e+06    21041.9
   1.69737      2.11386e+06 1.44772e+06      1.59067e+06      20715
   1.70549      -1.11386e+06 1.49384e+06      1.55989e+06    20419.7
    1.7136      2.87299e+06 1.47806e+06      1.53168e+06    20140.1
   1.72171      2.76369e+06 1.47996e+06      1.50347e+06    19860.5
   1.72983      3.16982e+06 1.53444e+06      1.47522e+06    19580.5
   1.73794      2.16658e+06 1.53827e+06      1.44701e+06    19300.9
   1.74605      1.95432e+06 1.50507e+06      1.4188e+06    19021.2
   1.75417        -38219.8 1.5615e+06      1.39055e+06    18741.3
   1.76228      1.4329e+06 1.50919e+06      1.36234e+06    18461.6
    1.7704          528359  1.495e+06      1.33409e+06    18181.7
   1.77851      2.32372e+06 1.51721e+06      1.30588e+06    17902.1
   1.78662      1.33758e+06 1.50505e+06      1.27767e+06    17622.4
   1.79474      1.05802e+06 1.50144e+06      1.24942e+06    17342.5
   1.80285          -51409 1.49991e+06      1.22331e+06    17079.8
   1.81096          867858 1.48091e+06      1.2011e+06    16848.4
   1.81908      1.39222e+06 1.51515e+06      1.17886e+06    16616.8
   1.82719         -675401 1.47241e+06      1.15664e+06    16385.5
   1.83531      3.2913e+06 1.51989e+06      1.1344e+06    16153.8
   1.84342      3.11628e+06 1.49236e+06      1.11218e+06    15922.5
   1.85153         -700073 1.52386e+06      1.08997e+06    15691.1
   1.85965      5.55796e+06 1.5038e+06      1.06773e+06    15459.5
   1.86776      -1.29825e+06 1.54181e+06      1.04551e+06    15228.1
   1.87587      2.43791e+06 1.51934e+06      1.0233e+06    14996.8
   1.88399          745341 1.50785e+06      1.00105e+06    14765.1
    1.8921      2.99862e+06 1.52352e+06          978839    14533.8
   1.90022         59091.7 1.53021e+06          956724    14303.1
   1.90833      1.44937e+06 1.48953e+06          939226    14106.8
   1.91644      1.83317e+06 1.48195e+06          921728    13910.5
   1.92456          528105 1.52238e+06          904208      13714
   1.93267         -379402 1.50677e+06          886710    13517.8
   1.94078      -1.09605e+06 1.50709e+06          869212    13321.5
    1.9489      1.82581e+06 1.50066e+06          851692      13125
   1.95701        -60437.8 1.49487e+06          834194    12928.7
   1.96513      3.07911e+06 1.55064e+06          816674    12732.2
   1.97324      2.08976e+06 1.4967e+06          799176    12535.9
   1.98135         -628744 1.47706e+06          781677    12339.6
   1.98947         -213753 1.49444e+06          764158    12143.1
   1.99758      4.04309e+06 1.50879e+06          746659    11946.9
   2.00569      3.56371e+06 1.47043e+06          731840    11773.1
   2.01381      2.31598e+06 1.48077e+06          718143    11608.7
   2.02192      2.03282e+06 1.53215e+06          704462    11444.5
   2.03004      1.23851e+06 1.49317e+06          690765    11280.1
   2.03815      -1.95196e+06 1.47235e+06          677085    11115.9
   2.04626         -486073 1.4561e+06          663405    10951.7
   2.05438      2.74024e+06 1.48977e+06          649708    10787.3
   2.06249          421100 1.44866e+06          636027    10623.1
    2.0706      -1.91695e+06 1.53391e+06          622347    10458.9
   2.07872      1.76846e+06 1.54223e+06          608650    10294.5
   2.08683          262749 1.48487e+06          594970    10130.3
   2.09494      1.14154e+06 1.49791e+06          581289    9966.12
   2.10306          282125 1.4889e+06          568781    9812.81
   2.11117      1.05061e+06 1.50074e+06          558253    9678.01
   2.11929         -952872 1.47504e+06          547711    9543.04
    2.1274      1.87764e+06 1.52769e+06          537182    9408.24
   2.13551          588810 1.50871e+06          526654    9273.44
   2.14363         -865791 1.52119e+06          516112    9138.47
   2.15174         -401728 1.49928e+06          505584    9003.67
   2.15985         -619305 1.42503e+06          495055    8868.87
   2.16797      -1.01007e+06 1.48436e+06          484513     8733.9
   2.17608      2.46611e+06 1.49725e+06          473985     8599.1
    2.1842         -446564 1.45408e+06          463443    8464.13
   2.19231      1.34438e+06 1.49152e+06          452914    8329.33
   2.20042      -2.04419e+06 1.50357e+06          442521    8195.89
   2.20854      -1.37038e+06 1.47683e+06          434590    8087.22
   2.21665      1.00227e+06 1.47396e+06          426670    7978.68
   2.22476      -2.3204e+06 1.43601e+06          418749    7870.14
   2.23288          466665 1.44093e+06          410818    7761.47
   2.24099          818721 1.49547e+06          402898    7652.94
   2.24911      1.49439e+06 1.48058e+06          394967    7544.27
   2.25722      -2.39425e+06 1.45178e+06          387047    7435.73
   2.26533      2.31427e+06 1.47472e+06          379126    7327.19
   2.27345      2.36575e+06 1.43696e+06          371195    7218.52
   2.28156      1.32304e+06 1.44983e+06          363275    7109.98
   2.28967      -1.02814e+06 1.45106e+06          355354    7001.45
   2.29779          667151 1.45486e+06          347423    6892.78
    2.3059      -1.49695e+06 1.43987e+06          341048    6800.93
   2.31402         -159187 1.46876e+06          335245    6715.22
   2.32213          865259 1.49623e+06          329448    6629.62
   2.33024         -297292 1.51005e+06          323652    6544.02
   2.33836      1.59963e+06 1.42155e+06          317848    6458.31
   2.34647      2.96532e+06 1.51051e+06          312052    6372.71
   2.35458      -1.5463e+06 1.4305e+06          306256    6287.11
    2.3627          260474 1.48928e+06          300452     6201.4
   2.37081          391004  1.512e+06          294656     6115.8
   2.37893         -517724 1.48824e+06          288852    6030.09
   2.38704         -949126 1.46422e+06          283056    5944.49
   2.39515          212969 1.42234e+06          277259    5858.89
   2.40327         -919610 1.45664e+06          272132    5781.85
   2.41138          882360 1.44676e+06          268013    5717.75
   2.41949      2.75176e+06 1.46085e+06          263894    5653.65
   2.42761         -718759 1.46553e+06          259770    5589.47
   2.43572      1.99183e+06 1.41489e+06          255651    5525.36
   2.44384          534313 1.46836e+06          251527    5461.18
   2.45195      1.06485e+06 1.44073e+06          247408    5397.08
   2.46006         84578.6 1.50918e+06          243289    5332.97
   2.46818         -635871 1.39418e+06          239164    5268.79
   2.47629      -2.38181e+06 1.4111e+06          235045    5204.69
    2.4844          813021 1.42074e+06          230926    5140.59
   2.49252      2.25182e+06 1.42277e+06          226802     5076.4
   2.50063          271848 1.46591e+06          222782    5014.39
   2.50875         -210258 1.43498e+06          219927    4977.21
   2.51686      1.24612e+06 1.44819e+06          217077    4940.06
   2.52497      2.68307e+06 1.39802e+06          214226    4902.92
   2.53309          977651 1.45112e+06          211372    4865.73
    2.5412      -1.26874e+06 1.46925e+06          208522    4828.59
   2.54931           89436 1.45111e+06          205671    4791.45
   2.55743       1.142e+06  1.464e+06          202817    4754.26
   2.56554      1.03475e+06 1.39661e+06          199966    4717.12
   2.57366          728936 1.47596e+06          197112    4679.93
   2.58177          315571 1.41054e+06          194262    4642.79
   2.58988         -479286 1.45857e+06          191411    4605.65
     2.598          653005 1.43263e+06          188557    4568.46
   2.60611      -2.84717e+06 1.4184e+06          186392    4552.98
   2.61422          559049 1.39075e+06          184452     4544.6
   2.62234         -729985 1.4027e+06          182510     4536.2
   2.63045          224716 1.43571e+06          180569    4527.81
   2.63857      -1.03765e+06 1.38618e+06          178627    4519.42
   2.64668          882852 1.40823e+06          176687    4511.03
   2.65479      1.19136e+06 1.43648e+06          174747    4502.65
   2.66291          854874 1.4015e+06          172804    4494.25
   2.67102         -536942 1.4659e+06          170864    4485.87
   2.67913          189763 1.42919e+06          168924    4477.48
   2.68725      2.9016e+06 1.41639e+06          166981    4469.08
   2.69536      1.00107e+06 1.42096e+06          165041     4460.7
   2.70347         -899211 1.45234e+06          163364    4452.73
   2.71159      1.62257e+06 1.41899e+06          162036    4445.32
    2.7197      1.47394e+06 1.4319e+06          160710    4437.91
   2.72782      1.75814e+06 1.44777e+06          159382     4430.5
   2.73593      -1.10436e+06 1.39507e+06          158056     4423.1
   2.74404      1.30171e+06 1.43368e+06          156730    4415.69
   2.75216         -184295 1.4282e+06          155402    4408.28
   2.76027      -1.6913e+06 1.42059e+06          154076    4400.87
   2.76838          570563 1.44216e+06          152750    4393.47
    2.7765      -2.21579e+06 1.40464e+06          151422    4386.06
   2.78461      1.18337e+06 1.48376e+06          150096    4378.65
   2.79273      2.29437e+06 1.44746e+06          148768    4371.24
   2.80084         -324546 1.43098e+06          147481    4361.47
   2.80895         -915592 1.38886e+06          146539    4331.23
   2.81707      -1.93968e+06 1.42699e+06          145596    4300.96
   2.82518         -350185 1.39432e+06          144654    4270.72
   2.83329          897311 1.45135e+06          143712    4240.48
   2.84141      1.67718e+06 1.40621e+06          142769    4210.21
   2.84952         -234891 1.42226e+06          141827    4179.97
   2.85764      1.89525e+06 1.43544e+06          140884     4149.7
   2.86575         25440.6 1.39391e+06          139941    4119.46
   2.87386      2.33239e+06 1.38615e+06          138999    4089.23
   2.88198          732605 1.40414e+06          138056    4058.95
   2.89009         -598343 1.38404e+06          137114    4028.72
    2.8982      -1.21377e+06 1.39302e+06          136172    3998.48
   2.90632          379571 1.38202e+06          135399    3966.39
   2.91443      -1.94734e+06 1.39471e+06          134675    3933.81
   2.92255         -612368 1.4038e+06          133950     3901.2
   2.93066         -178357 1.37197e+06          133227    3868.63
   2.93877          459739 1.38409e+06          132503    3836.06
   2.94689        -53575.7 1.39828e+06          131778    3803.45
     2.955          194696 1.38577e+06          131054    3770.87
   2.96311          482113 1.40691e+06          130330     3738.3
   2.97123      -1.75736e+06 1.41104e+06          129606    3705.69
   2.97934      1.48727e+06 1.42079e+06          128882    3673.12
   2.98746         -246356 1.40357e+06          128157     3640.5
   2.99557      1.52692e+06 1.37336e+06          127433    3607.93
   3.00368         -213035 1.36758e+06          126759    3573.61
    3.0118         -871548 1.32515e+06          126142    3537.12
   3.01991          203254 1.32859e+06          125526    3500.69
   3.02802          654853 1.33719e+06          124911    3464.25
   3.03614         -896468   1.33e+06          124294    3427.77
   3.04425      2.22535e+06 1.38917e+06          123679    3391.33
   3.05237      1.44394e+06 1.37141e+06          123062    3354.85
   3.06048         -116566 1.30403e+06          122446    3318.41
   3.06859      2.65822e+06 1.32373e+06          121831    3281.97
   3.07671         -734599 1.39363e+06          121214    3245.49
   3.08482      -1.65112e+06 1.37372e+06          120598    3209.05
   3.09293         -211706 1.33775e+06          119983    3172.61
   3.10105      1.29461e+06 1.36383e+06          119372    3136.31
   3.10916      -2.21433e+06 1.37073e+06          118800    3101.22
   3.11728      -1.58947e+06 1.39132e+06          118227    3066.08
   3.12539          935895 1.37486e+06          117655    3030.99
    3.1335      -2.06922e+06 1.33761e+06          117084     2995.9
   3.14162          917654 1.38367e+06          116511    2960.76
   3.14973          113156 1.35927e+06          115939    2925.67
   3.15784          484858 1.33275e+06          115367    2890.58
   3.16596      -1.13928e+06 1.33291e+06          114795    2855.45
   3.17407      1.00092e+06 1.37902e+06          114223    2820.36
   3.18219      -1.01459e+06 1.31796e+06          113650    2785.22
    3.1903          154215 1.35123e+06          113078    2750.13
   3.19841          346850 1.35824e+06          112506    2715.04
   3.20653         -688292 1.37908e+06          111946     2684.2
   3.21464      -1.01618e+06 1.31811e+06          111389    2654.45
   3.22275      2.31326e+06 1.36804e+06          110833     2624.7
   3.23087      -1.88787e+06 1.29984e+06          110275    2594.91
   3.23898         -341289 1.39097e+06          109719    2565.15
   3.24709      2.44429e+06 1.33756e+06          109162     2535.4
   3.25521         -606190 1.36486e+06          108605    2505.61
   3.26332          403345 1.36724e+06          108048    2475.86
   3.27144      -1.65679e+06 1.33649e+06          107491    2446.07
   3.27955      2.77871e+06 1.36818e+06          106934    2416.31
   3.28766         -101043 1.36258e+06          106378    2386.56
   3.29578      -1.18271e+06 1.36104e+06          105821    2356.77
   3.30389      -1.41578e+06 1.33666e+06          105270     2331.3
     3.312          847769 1.32693e+06          104727    2310.49
   3.32012      1.2201e+06 1.33378e+06          104183    2289.64
   3.32823          823120 1.30199e+06          103640    2268.82
   3.33635         -470622 1.33082e+06          103096    2247.98
   3.34446      3.39906e+06 1.31919e+06          102553    2227.16
   3.35257      1.06027e+06 1.33911e+06          102010    2206.34
   3.36069      -1.52358e+06 1.3009e+06          101466     2185.5
    3.3688        -84330.7 1.35814e+06          100923    2164.68
   3.37691          233901 1.29924e+06          100380    2143.86
   3.38503      -1.91907e+06 1.3471e+06         99836.2    2123.02
   3.39314         -795549 1.34175e+06           99293     2102.2
   3.40126         -458194 1.39311e+06         98753.9    2083.18
   3.40937         42757.8 1.35181e+06         98241.1    2074.11
   3.41748      -3.37591e+06 1.35057e+06         97728.3    2065.04
    3.4256      1.32389e+06 1.30388e+06         97214.9    2055.96
   3.43371          650012 1.30732e+06           96702    2046.89
   3.44182      -3.08784e+06 1.31099e+06         96189.2    2037.81
   3.44994      -1.34045e+06 1.34504e+06         95675.8    2028.73
   3.45805          661083 1.31167e+06           95163    2019.66
   3.46617          457037 1.26876e+06         94649.5    2010.58
   3.47428      -3.19743e+06 1.33213e+06         94136.7    2001.51
   3.48239          215844 1.32096e+06         93623.9    1992.44
   3.49051      1.07489e+06 1.35215e+06         93110.5    1983.35
   3.49862         -354255 1.30713e+06         92597.7    1974.28
   3.50673         -612259 1.28474e+06         92133.2    1975.03
   3.51485      1.63561e+06 1.34282e+06         91678.1    1977.79
   3.52296         -329420 1.30207e+06         91223.5    1980.55
   3.53108      -1.97115e+06  1.301e+06         90768.4    1983.31
   3.53919      -1.03641e+06 1.29315e+06         90313.8    1986.07
    3.5473          976970 1.31636e+06         89859.3    1988.83
   3.55542      1.31063e+06 1.2908e+06         89404.2    1991.59
   3.56353         -173008 1.30674e+06         88949.6    1994.35
   3.57164      1.15428e+06 1.32888e+06           88495    1997.11
   3.57976      1.17635e+06 1.28859e+06         88039.9    1999.87
   3.58787          286615 1.27795e+06         87585.4    2002.63
   3.59599          432733 1.30512e+06         87130.3     2005.4
    3.6041         -314944 1.28321e+06           86721    2011.75
   3.61221      -1.87744e+06 1.30932e+06           86356    2021.62
   3.62033         31162.6 1.3164e+06         85990.5     2031.5
   3.62844         -738076 1.29157e+06         85625.5    2041.37
   3.63655      -2.48426e+06 1.27231e+06         85260.5    2051.23
   3.64467      1.84266e+06 1.26886e+06           84895    2061.11
   3.65278          982676 1.28949e+06           84530    2070.98
    3.6609          767494 1.29349e+06         84164.6    2080.86
   3.66901      -2.08547e+06 1.25872e+06         83799.6    2090.73
   3.67712          891108 1.28834e+06         83434.6     2100.6
   3.68524          524960 1.29227e+06         83069.1    2110.48
   3.69335          152848 1.31034e+06         82704.1    2120.35
   3.70146         -762531 1.28533e+06         82360.1    2130.13
   3.70958      1.50806e+06 1.3259e+06         82111.6    2139.51
   3.71769          571163 1.29126e+06         81863.4    2148.88
   3.72581      -1.09652e+06 1.30306e+06         81614.9    2158.26
   3.73392      1.38574e+06 1.2426e+06         81366.7    2167.62
   3.74203         -130274 1.31591e+06         81118.5    2176.99
   3.75015      2.26871e+06 1.25961e+06           80870    2186.37
   3.75826      1.32744e+06 1.28943e+06         80621.8    2195.74
   3.76637      2.35784e+06 1.27227e+06         80373.6    2205.11
   3.77449          501062 1.26859e+06         80125.1    2214.49
    3.7826          408851 1.27507e+06         79876.9    2223.86
   3.79072      -1.77989e+06 1.24796e+06         79628.4    2233.24
   3.79883         -312119 1.26503e+06         79380.2    2242.61
   3.80694         -968406 1.20599e+06         79246.5    2247.08
   3.81506      2.34402e+06 1.2013e+06         79131.9    2250.74
   3.82317         -751983 1.23131e+06         79017.4    2254.38
   3.83128         -954383 1.20147e+06         78902.9    2258.03
    3.8394         -317489 1.22999e+06         78788.3    2261.69
   3.84751         41288.2 1.26131e+06         78673.9    2265.33
   3.85562      -1.34633e+06 1.24707e+06         78559.4    2268.98
   3.86374          790036 1.26744e+06         78444.8    2272.64
   3.87185      -1.46919e+06 1.26935e+06         78330.4    2276.29
   3.87997          690255 1.24141e+06         78215.8    2279.94
   3.88808      -1.66739e+06 1.24401e+06         78101.3    2283.59
   3.89619         -528994 1.22968e+06         77986.9    2287.24
   3.90431          773027 1.22854e+06         77944.7    2287.39
   3.91242      -1.94931e+06 1.2354e+06         77966.4    2284.45
   3.92053          150860 1.28924e+06         77988.2    2281.51
   3.92865          874450 1.20657e+06           78010    2278.57
   3.93676      -1.07977e+06 1.2591e+06         78031.8    2275.64
   3.94488      -3.56849e+06 1.23215e+06         78053.6    2272.69
   3.95299          106364 1.27513e+06         78075.4    2269.76
    3.9611          594310 1.22647e+06         78097.2    2266.82
   3.96922         -125092 1.23506e+06           78119    2263.88
   3.97733          531477 1.26462e+06         78140.7    2260.94
   3.98544         87047.8 1.25076e+06         78162.5       2258
   3.99356         79931.8 1.23114e+06         78184.3    2255.06
   4.00167          873299 1.25187e+06         78231.4     2251.1
   4.00979      1.83626e+06 1.22995e+06         78376.5    2243.16
    4.0179          187871 1.24879e+06         78521.3    2235.24
   4.02601          940515 1.21492e+06         78666.2    2227.31
   4.03413       1.891e+06 1.23379e+06         78811.3    2219.38
   4.04224         -495313 1.2314e+06         78956.1    2211.45
   4.05035          690174 1.24238e+06           79101    2203.53
   4.05847          916292 1.21536e+06           79246    2195.59
   4.06658      -1.28441e+06 1.24829e+06         79390.9    2187.67
    4.0747         -781768 1.23417e+06           79536    2179.73
   4.08281          934523 1.20183e+06         79680.8    2171.81
   4.09092          621402 1.22009e+06         79825.7    2163.88
   4.09904      -1.54691e+06 1.2152e+06         79970.8    2155.95
   4.10715          780305 1.25348e+06         80200.6    2145.47
   4.11526      -1.45142e+06 1.24948e+06         80441.8    2134.66
   4.12338         -824250 1.24729e+06         80683.3    2123.83
   4.13149      1.04614e+06 1.24489e+06         80924.5    2113.01
   4.13961        -16466.6 1.21451e+06           81166    2102.19
   4.14772         -311643 1.17889e+06         81407.2    2091.37
   4.15583         -199532 1.21597e+06         81648.5    2080.56
   4.16395          692481 1.26182e+06           81890    2069.73
   4.17206      -1.27585e+06 1.25572e+06         82131.2    2058.91
   4.18017          737787 1.22415e+06         82372.4     2048.1
   4.18829          905745 1.26352e+06         82613.9    2037.27
    4.1964          619608 1.2229e+06         82855.1    2026.45
   4.20452          229681 1.25675e+06         83130.3    2014.99
   4.21263      -1.1529e+06 1.24419e+06         83431.9    2003.04
   4.22074         -613768 1.25415e+06         83733.6    1991.09
   4.22886      -2.14882e+06 1.22416e+06         84035.6    1979.12
   4.23697         -136898 1.25365e+06         84337.2    1967.17
   4.24508         -548131 1.23248e+06         84638.9    1955.22
    4.2532         -284665 1.25204e+06         84940.9    1943.25
   4.26131      2.23449e+06  1.251e+06         85242.5     1931.3
   4.26943            8842 1.22982e+06         85544.5    1919.33
   4.27754         75079.8 1.19891e+06         85846.1    1907.38
   4.28565          209965 1.24368e+06         86147.8    1895.43
   4.29377         -623141 1.20572e+06         86449.8    1883.46
   4.30188         -741179 1.23888e+06         86756.4    1871.52
   4.30999          952569 1.1982e+06         87079.3    1859.61
   4.31811      -1.68848e+06 1.1944e+06         87402.6    1847.69
   4.32622         -924124 1.25682e+06         87725.5    1835.78
   4.33434      1.03508e+06 1.23778e+06         88048.8    1823.86
   4.34245          199315 1.2273e+06         88371.7    1811.95
   4.35056         -711462 1.19542e+06         88694.6    1800.05
   4.35868         -751642 1.21485e+06         89017.9    1788.13
   4.36679         -620959 1.20733e+06         89340.8    1776.22
    4.3749      2.15594e+06 1.16987e+06         89663.7    1764.31
   4.38302        -63236.6 1.22429e+06           89987    1752.39
   4.39113          914250 1.19003e+06         90309.9    1740.48
   4.39924         -415584 1.20148e+06         90632.8    1728.58
   4.40736      -1.51622e+06 1.22597e+06         90942.3    1717.27
   4.41547      -1.30672e+06 1.22382e+06         91249.9    1706.04
   4.42359          918264 1.19944e+06         91557.9     1694.8
    4.4317         -743344 1.19003e+06         91865.5    1683.57
   4.43981          491736 1.2013e+06         92173.2    1672.34
   4.44793          520789 1.20516e+06         92481.2     1661.1
   4.45604         -147915 1.21626e+06         92788.8    1649.87
   4.46415         -511441 1.27281e+06         93096.4    1638.64
   4.47227      2.15492e+06 1.2584e+06         93404.4    1627.39
   4.48038          624698 1.1693e+06         93712.1    1616.17
    4.4885      -1.45642e+06 1.23689e+06         94020.1    1604.92
   4.49661      1.47276e+06 1.2072e+06         94327.7    1593.69
   4.50472          392161 1.22039e+06         94609.4    1582.98
   4.51284      1.15115e+06 1.21147e+06         94872.7    1572.63
   4.52095         -220842 1.24485e+06         95135.7    1562.29
   4.52906      1.30886e+06 1.2021e+06         95398.7    1551.95
   4.53718         -135839 1.23764e+06           95662     1541.6
   4.54529      2.40775e+06 1.18492e+06           95925    1531.26
   4.55341         -493846 1.22155e+06         96188.3     1520.9
   4.56152      -1.34953e+06 1.15263e+06         96451.3    1510.56
   4.56963        -26246.3 1.23842e+06         96714.3    1500.22
   4.57775      3.03415e+06 1.19515e+06         96977.7    1489.87
   4.58586          634435 1.14187e+06         97240.7    1479.53
   4.59397      1.10429e+06 1.11709e+06         97503.7    1469.19
   4.60209          772837 1.09706e+06         97750.4    1459.06
    4.6102      2.3823e+06 1.13946e+06         97949.2    1449.58
   4.61832      1.04824e+06 1.17759e+06         98148.2     1440.1
   4.62643          334530 1.18102e+06         98346.9    1430.62
   4.63454      3.10546e+06 1.16941e+06         98545.7    1421.15
   4.64266         -229196 1.11562e+06         98744.7    1411.66
   4.65077          717736  1.169e+06         98943.5    1402.19
   4.65888         -944442 1.18724e+06         99142.2    1392.71
     4.667          307033 1.13892e+06         99341.2    1383.22
   4.67511         -419636 1.16405e+06           99540    1373.75
   4.68323          272356 1.17495e+06           99739    1364.26
   4.69134          312988 1.16648e+06         99937.8    1354.79
   4.69945          280488 1.18303e+06          100137    1345.31
   4.70757         -206783 1.15146e+06          100267    1336.57
   4.71568      1.06151e+06 1.17213e+06          100392    1327.89
   4.72379      3.31596e+06 1.17492e+06          100517    1319.21
   4.73191      -3.4472e+06 1.19044e+06          100642    1310.52
   4.74002         -441005 1.20697e+06          100767    1301.84
   4.74814          498544 1.1944e+06          100892    1293.15
   4.75625      2.74477e+06 1.15871e+06          101017    1284.47
   4.76436      2.01948e+06 1.17853e+06          101142    1275.79
   4.77248         -779754 1.19881e+06          101267    1267.09
   4.78059          550118 1.20629e+06          101392    1258.41
    4.7887         -410123 1.16331e+06          101517    1249.73
   4.79682         -509134 1.15512e+06          101642    1241.04
   4.80493        -35291.3 1.15792e+06          101722    1232.85
   4.81305      1.48463e+06 1.16651e+06          101772    1224.97
   4.82116      -1.10735e+06 1.18721e+06          101822     1217.1
   4.82927          796984 1.18795e+06          101872    1209.22
   4.83739      1.60812e+06 1.16733e+06          101922    1201.34
    4.8455      1.29535e+06 1.17703e+06          101973    1193.47
   4.85361      2.11575e+06 1.18403e+06          102023     1185.6
   4.86173         -674351 1.12841e+06          102073    1177.71
   4.86984      -1.69278e+06 1.16026e+06          102123    1169.84
   4.87796      1.5584e+06 1.23677e+06          102174    1161.96
   4.88607      1.2541e+06 1.18556e+06          102224    1154.08
   4.89418         -331162 1.23074e+06          102274    1146.21
    4.9023      1.05237e+06 1.1873e+06          102304    1139.29
   4.91041         -637500 1.17812e+06          102285    1134.79
   4.91852         -128383 1.17097e+06          102265     1130.3
   4.92664         -341347 1.14688e+06          102246     1125.8
   4.93475      2.0939e+06 1.13935e+06          102226     1121.3
   4.94287      2.07754e+06 1.17233e+06          102207     1116.8
   4.95098         -472603 1.18226e+06          102187    1112.31
   4.95909      1.40611e+06 1.20103e+06          102168    1107.81
   4.96721          555867 1.18629e+06          102148    1103.31
   4.97532      -1.73958e+06 1.14492e+06          102128    1098.82
   4.98343      1.22115e+06 1.17524e+06          102109    1094.32
   4.99155      1.48964e+06 1.18081e+06          102089    1089.82
   4.99966      1.0737e+06 1.1351e+06          102070    1085.33
   5.00777         -921898 1.17302e+06          101991    1081.88
   5.01589         -370395 1.1346e+06          101909    1078.47
     5.024          610207  1.191e+06          101828    1075.07
   5.03212         86448.1 1.1914e+06          101746    1071.66
   5.04023         -332255 1.17002e+06          101664    1068.26
   5.04834      -1.14362e+06 1.17558e+06          101583    1064.86
   5.05646         -651886 1.13301e+06          101501    1061.45
   5.06457         -802007 1.16504e+06          101419    1058.05
   5.07268         -976699 1.19946e+06          101338    1054.64
    5.0808         -452859 1.17333e+06          101256    1051.24
   5.08891      1.86193e+06  1.117e+06          101175    1047.83
   5.09703      1.71324e+06 1.18572e+06          101093    1044.43
   5.10514         -503607 1.19496e+06          100977    1041.43
   5.11325          272972 1.1768e+06          100842    1038.66
   5.12137          744406 1.17825e+06          100706     1035.9
   5.12948         -685734 1.21301e+06          100571    1033.13
   5.13759      1.53088e+06 1.14723e+06          100436    1030.37
   5.14571          212359 1.13122e+06          100300     1027.6
   5.15382        -88518.2 1.16813e+06          100165    1024.84
   5.16194         92553.7 1.15279e+06          100029    1022.07
   5.17005      1.5506e+06 1.1801e+06         99893.7    1019.31
   5.17816          937602 1.17792e+06         99758.3    1016.54
   5.18628      1.82102e+06 1.12763e+06         99622.7    1013.78
   5.19439      1.30359e+06 1.15481e+06         99487.3    1011.01
    5.2025          223878 1.16913e+06         99337.4     1008.4
   5.21062          678092 1.1607e+06         99154.3    1006.12
   5.21873      -1.69403e+06 1.12768e+06         98971.5    1003.85
   5.22685          707972 1.14185e+06         98788.5    1001.57
   5.23496         56179.4 1.15059e+06         98605.7    999.302
   5.24307      -1.48759e+06 1.14618e+06         98422.9    997.029
   5.25119          928406 1.15546e+06         98239.9    994.753
    5.2593      -1.49266e+06 1.12659e+06         98057.1     992.48
   5.26741         -712397 1.14387e+06         97874.3    990.207
   5.27553      -1.74241e+06 1.17033e+06         97691.3    987.931
   5.28364          354603 1.15405e+06         97508.5    985.658
   5.29176          715337 1.15103e+06         97325.5    983.382
   5.29987          219026 1.14959e+06         97142.7    981.109
   5.30798          103057 1.1454e+06         96917.4     979.14
    5.3161         -419918 1.12761e+06           96691    977.172
   5.32421          505520 1.15055e+06         96464.9    975.208
   5.33232          405831 1.16401e+06         96238.9    973.243
   5.34044          548583 1.13274e+06         96012.5    971.276
   5.34855         -540707 1.13012e+06         95786.5    969.311
   5.35667          923749 1.12323e+06         95560.1    967.344
   5.36478          165351 1.12605e+06         95334.1    965.379
   5.37289      1.28954e+06 1.07904e+06           95108    963.414
   5.38101      1.27431e+06 1.09707e+06         94881.6    961.447
   5.38912          780850 1.04478e+06         94655.6    959.482
   5.39723         -700541 1.10376e+06         94429.5    957.517
   5.40535          181895 1.11785e+06           94176     955.63
   5.41346      2.24865e+06 1.08997e+06         93908.6    953.787
   5.42158      1.55961e+06 1.1577e+06           93641    951.942
   5.42969          506546 1.11393e+06         93373.7      950.1
    5.4378      1.15896e+06 1.0967e+06         93106.4    948.257
   5.44592         -121424 1.11501e+06         92838.7    946.412
   5.45403          264192 1.13364e+06         92571.4    944.569
   5.46214      1.40203e+06 1.1127e+06         92304.1    942.726
   5.47026      1.97268e+06 1.12149e+06         92036.5    940.881
   5.47837         -311508 1.17283e+06         91769.1    939.038
   5.48649         -170160 1.12473e+06         91501.5    937.193
    5.4946          531406  1.092e+06         91234.2     935.35
   5.50271      1.39131e+06  1.097e+06         90953.4    933.493
   5.51083          632970 1.15023e+06         90645.4    931.606
   5.51894      2.35351e+06 1.10797e+06         90337.8    929.722
   5.52705          383997 1.13755e+06         90030.1    927.837
   5.53517      -1.5415e+06 1.1217e+06         89722.1    925.951
   5.54328        -22809.9 1.12986e+06         89414.5    924.066
    5.5514      -1.04858e+06 1.16338e+06         89106.5    922.179
   5.55951          693351 1.13088e+06         88798.9    920.295
   5.56762      -1.38476e+06 1.13307e+06         88491.2     918.41
   5.57574         -137979 1.17515e+06         88183.2    916.523
   5.58385          762679 1.12613e+06         87875.6    914.639
   5.59196          826599 1.22252e+06           87568    912.754
   5.60008          497955 1.1548e+06         87259.6    910.866
   5.60819      2.9063e+06 1.12756e+06         86913.1    908.819
    5.6163          454946 1.15964e+06         86566.6    906.773
   5.62442      2.89902e+06 1.17341e+06         86219.7    904.724
   5.63253      1.23712e+06 1.15923e+06         85873.3    902.678
   5.64065          975198 1.16199e+06         85526.4    900.629
   5.64876          762512 1.16947e+06         85179.9    898.582
   5.65687          521875 1.19364e+06         84833.4    896.536
   5.66499        -96098.8 1.11196e+06         84486.5    894.487
    5.6731         -109688 1.15632e+06           84140    892.441
   5.68121      1.05236e+06 1.1738e+06         83793.5    890.394
   5.68933          663833 1.14187e+06         83446.6    888.345
   5.69744      -1.5131e+06 1.16783e+06         83100.2    886.299
   5.70556          665806 1.15203e+06         82729.1    884.096
   5.71367          143009 1.17377e+06         82347.4    881.825
   5.72178          628680 1.17883e+06         81965.7    879.555
    5.7299         -670039 1.1877e+06         81583.6    877.281
   5.73801         -701093 1.16523e+06         81201.9     875.01
   5.74612      1.21213e+06 1.14113e+06         80820.2    872.739
   5.75424          833375 1.16692e+06           80438    870.466
   5.76235         -373816 1.17991e+06         80056.4    868.195
   5.77047        -37371.5 1.15852e+06         79674.2    865.921
   5.77858      -2.9948e+06 1.21636e+06         79292.5    863.651
   5.78669          242503 1.15116e+06         78910.8     861.38
   5.79481         -685283 1.15259e+06         78528.7    859.106
   5.80292         -527200 1.18014e+06         78136.9    856.759
   5.81103      -1.02405e+06 1.16934e+06         77727.2    854.275
   5.81915      1.98665e+06 1.16776e+06         77316.9    851.789
   5.82726      -1.18686e+06 1.16833e+06         76907.2    849.305
   5.83538         -907104 1.17142e+06           76497    846.819
   5.84349          695231 1.16226e+06         76087.3    844.335
    5.8516         -123045 1.1858e+06         75677.6    841.852
   5.85972           84946 1.17718e+06         75267.3    839.366
   5.86783        -65462.7 1.18863e+06         74857.6    836.882
   5.87594      -1.78218e+06 1.16247e+06         74447.9    834.399
   5.88406      -3.6131e+06 1.16332e+06         74037.7    831.912
   5.89217          640216 1.17628e+06           73628    829.429
   5.90029      2.97342e+06 1.16303e+06         73217.2    826.939
    5.9084         -431573 1.18569e+06         72790.8    824.354
   5.91651          976727  1.105e+06         72364.5    821.769
   5.92463         19432.3 1.17987e+06         71937.6    819.182
   5.93274      1.07708e+06 1.12439e+06         71511.3    816.597
   5.94085         -594595 1.14249e+06           71085    814.013
   5.94897          993196 1.17012e+06         70658.1    811.425
   5.95708         -803109 1.16177e+06         70231.8     808.84
    5.9652         -578710  1.167e+06         69804.9    806.252
   5.97331          680794 1.15639e+06         69378.6    803.668
   5.98142      -2.10381e+06 1.16583e+06         68952.2    801.083
   5.98954      -1.7494e+06 1.24776e+06         68525.4    798.495
   5.99765          162417 1.19616e+06           68099    795.911
   6.00576      -1.22947e+06 1.19946e+06         67671.9    793.419
   6.01388         -853308 1.17328e+06         67243.8    790.961
   6.02199         -244157 1.17762e+06         66816.3    788.507
   6.03011          725035 1.20144e+06         66388.3     786.05
   6.03822         37192.6 1.14663e+06         65960.7    783.595
   6.04633      2.69304e+06 1.14048e+06         65533.2    781.141
   6.05445      2.11626e+06 1.17451e+06         65105.2    778.684
   6.06256          288722 1.1368e+06         64677.6    776.229
   6.07067         -221204 1.17154e+06         64250.1    773.775
   6.07879          220826 1.13826e+06         63822.1    771.318
    6.0869          319645 1.15638e+06         63394.6    768.863
   6.09502         -498222 1.17613e+06         62966.5    766.406
   6.10313      1.43596e+06 1.17946e+06         62551.6    762.913
   6.11124         -616778 1.14782e+06         62156.8    757.767
   6.11936      -1.08446e+06 1.20861e+06         61761.4    752.615
   6.12747      1.00276e+06 1.19646e+06         61366.6    747.469
   6.13558          886899 1.17495e+06         60971.8    742.323
    6.1437      -1.46928e+06 1.17551e+06         60576.4     737.17
