#
# This scattering intensity file was created by WAXSiS
#
# q[A-1]        I(q)              sigma(q)
0.010708 0.961011 0.643778
0.0115194 0.782797 0.225781
0.0123308 1.07882 0.144417
0.0131422 1.06666 0.111474
0.0139535 1.10324 0.109552
0.0147649 0.96955 0.0980076
0.0155763 1.08211 0.0933517
0.0163877 0.808519 0.0917152
0.017199 1.07522 0.0812811
0.0180104 1.01159 0.0660747
0.0188218 0.996568 0.0711831
0.0196332 1.07953 0.0786563
0.0204445 1.01379 0.0663317
0.0212559 0.982937 0.0681277
0.0220673 0.873567 0.0673723
0.0228786 0.956752 0.0653734
0.02369 0.90344 0.0642466
0.0245014 0.972181 0.0661847
0.0253128 0.948275 0.0569203
0.0261241 0.892848 0.0592265
0.0269355 0.903557 0.0633416
0.0277469 0.796875 0.0583773
0.0285583 0.803554 0.0495609
0.0293696 0.759699 0.0545926
0.030181 0.757143 0.056921
0.0309924 0.720805 0.053368
0.0318038 0.789593 0.0522378
0.0326151 0.81174 0.0498428
0.0334265 0.741854 0.0509505
0.0342379 0.683007 0.0445024
0.0350492 0.701309 0.0503649
0.0358606 0.725383 0.0494089
0.036672 0.786525 0.0469662
0.0374834 0.74643 0.047115
0.0382947 0.731764 0.0478087
0.0391061 0.592307 0.0458915
0.0399175 0.729016 0.0442022
0.0407289 0.690654 0.0432394
0.0415402 0.69716 0.0428142
0.0423516 0.634289 0.0425352
0.043163 0.655225 0.0430039
0.0439743 0.656486 0.0420712
0.0447857 0.61701 0.0414101
0.0455971 0.613079 0.0410373
0.0464085 0.635466 0.04036
0.0472198 0.629264 0.0397438
0.0480312 0.567057 0.0405358
0.0488426 0.543948 0.0398415
0.049654 0.564091 0.0400128
0.0504653 0.453987 0.0388932
0.0512767 0.539451 0.0410971
0.0520881 0.513429 0.0383093
0.0528995 0.550544 0.0380478
0.0537108 0.520454 0.0362471
0.0545222 0.47778 0.0370363
0.0553336 0.50708 0.036377
0.0561449 0.488029 0.0360849
0.0569563 0.516489 0.035558
0.0577677 0.486777 0.0347224
0.0585791 0.451751 0.0369535
0.0593904 0.44302 0.0350189
0.0602018 0.504256 0.0347525
0.0610132 0.454372 0.0345554
0.0618246 0.462294 0.0331536
0.0626359 0.395791 0.0335796
0.0634473 0.426769 0.0332502
0.0642587 0.453118 0.0305027
0.0650701 0.407976 0.034153
0.0658814 0.383439 0.0317651
0.0666928 0.305023 0.0325401
0.0675042 0.403907 0.032055
0.0683155 0.371123 0.032014
0.0691269 0.423425 0.0327488
0.0699383 0.349482 0.0306556
0.0707497 0.365371 0.0315485
0.071561 0.35074 0.0321282
0.0723724 0.313996 0.0307705
0.0731838 0.316768 0.0311412
0.0739952 0.32905 0.0308235
0.0748065 0.346823 0.0316232
0.0756179 0.313666 0.0304998
0.0764293 0.266084 0.0305261
0.0772407 0.266557 0.0291295
0.078052 0.33306 0.030376
0.0788634 0.293017 0.0293575
0.0796748 0.192867 0.0298701
0.0804861 0.296085 0.0301632
0.0812975 0.306247 0.0288412
0.0821089 0.238921 0.0287035
0.0829203 0.318616 0.0301083
0.0837316 0.287525 0.027694
0.084543 0.260427 0.0287529
0.0853544 0.239697 0.0279069
0.0861658 0.212607 0.0268916
0.0869771 0.238496 0.0265568
0.0877885 0.232667 0.0279246
0.0885999 0.295673 0.0276385
0.0894113 0.227863 0.0269565
0.0902226 0.186175 0.0278685
0.091034 0.240091 0.0279973
0.0918454 0.213443 0.0263933
0.0926567 0.213758 0.0281605
0.0934681 0.265246 0.0262835
0.0942795 0.189019 0.0270563
0.0950909 0.208456 0.0268568
0.0959022 0.23107 0.0267564
0.0967136 0.250483 0.0270764
0.097525 0.195991 0.0264453
0.0983364 0.215094 0.0255666
0.0991477 0.150582 0.0258924
0.0999591 0.154812 0.0255069
0.10077 0.157486 0.0257458
0.101582 0.208217 0.0251813
0.102393 0.16846 0.0257139
0.103205 0.151161 0.0250902
0.104016 0.218782 0.025614
0.104827 0.159688 0.0246334
0.105639 0.157313 0.0251398
0.10645 0.150996 0.0238209
0.107261 0.152307 0.0238682
0.108073 0.175183 0.0238639
0.108884 0.170314 0.0245156
0.109696 0.197861 0.0252597
0.110507 0.150782 0.0245724
0.111318 0.176688 0.0235076
0.11213 0.106814 0.0239717
0.112941 0.099448 0.0234004
0.113752 0.106434 0.0246524
0.114564 0.133442 0.0233963
0.115375 0.156079 0.0228168
0.116187 0.143175 0.0240983
0.116998 0.134028 0.0242144
0.117809 0.0940852 0.0240212
0.118621 0.12506 0.0226485
0.119432 0.100063 0.0231644
0.120243 0.139613 0.0228729
0.121055 0.139515 0.0228376
0.121866 0.138161 0.0224797
0.122678 0.0855978 0.0224498
0.123489 0.134657 0.022657
0.1243 0.0773999 0.0222929
0.125112 0.118154 0.0223447
0.125923 0.127266 0.0220024
0.126734 0.132999 0.0217941
0.127546 0.109912 0.0222946
0.128357 0.09471 0.0224462
0.129169 0.1059 0.0224119
0.12998 0.179828 0.0220522
0.130791 0.0876655 0.0219363
0.131603 0.119141 0.0219837
0.132414 0.100182 0.02193
0.133225 0.132183 0.022148
0.134037 0.103949 0.0213769
0.134848 0.100377 0.0211359
0.13566 0.0708722 0.0221581
0.136471 0.0844184 0.0215362
0.137282 0.0847566 0.0215869
0.138094 0.106345 0.0215953
0.138905 0.0815586 0.021357
0.139716 0.0940683 0.0212971
0.140528 0.100183 0.0210888
0.141339 0.117243 0.0210389
0.142151 0.0811206 0.0205355
0.142962 0.0943805 0.0203064
0.143773 0.0741756 0.0208775
0.144585 0.0897173 0.0206446
0.145396 0.0910793 0.0204048
0.146207 0.114231 0.0201814
0.147019 0.0710133 0.0200783
0.14783 0.0974346 0.0200238
0.148641 0.054838 0.0202932
0.149453 0.0740152 0.0200562
0.150264 0.060206 0.0201018
0.151076 0.0746229 0.0201359
0.151887 0.094902 0.0200418
0.152698 0.0619869 0.0203556
0.15351 0.042136 0.0202838
0.154321 0.0878339 0.0205091
0.155132 0.0796531 0.0198659
0.155944 0.0671569 0.0197066
0.156755 0.0814937 0.0203779
0.157567 0.0582535 0.0199795
0.158378 0.0438578 0.0205001
0.159189 0.0377236 0.0207234
0.160001 0.0396795 0.0198013
0.160812 0.0509012 0.0203319
0.161623 0.0371239 0.0202732
0.162435 0.0799096 0.0199189
0.163246 0.0319954 0.0194691
0.164058 0.0376447 0.0203021
0.164869 0.024991 0.0205141
0.16568 0.0527408 0.0204255
0.166492 0.012769 0.0195805
0.167303 0.0702766 0.020529
0.168114 0.0467827 0.0207788
0.168926 0.0355131 0.0209321
0.169737 0.0644232 0.0203646
0.170549 0.0800627 0.0209823
0.17136 0.0793866 0.0211245
0.172171 0.0554688 0.0211111
0.172983 0.000761 0.0205906
0.173794 0.0415366 0.0204438
0.174605 0.0622712 0.0209623
0.175417 0.0502177 0.020699
0.176228 0.0321988 0.0214289
0.17704 0.0696979 0.0215464
0.177851 0.016191 0.0209332
0.178662 0.0817061 0.0220395
0.179474 0.026281 0.0210233
0.180285 0.0240786 0.0215239
0.181096 0.0279933 0.0208166
0.181908 0.0281809 0.0212695
0.182719 0.0070629 0.0213217
0.183531 0.0649176 0.0214339
0.184342 0.0679627 0.0205484
0.185153 0.0526629 0.0207998
0.185965 0.0449148 0.0212022
0.186776 0.0284623 0.0212892
0.187587 0.00740647 0.0204335
0.188399 0.0324559 0.0217868
0.18921 0.0401353 0.0214745
0.190022 0.0444134 0.0214356
0.190833 0.0217911 0.0213813
0.191644 0.0416983 0.0218372
0.192456 0.00358942 0.0220975
0.193267 0.0439139 0.0221654
0.194078 0.0651581 0.0211587
0.19489 0.0729111 0.0210752
0.195701 0.0372565 0.0213184
0.196513 0.0682981 0.021201
0.197324 0.0424175 0.0218723
0.198135 0.0673816 0.0219353
0.198947 0.0404822 0.0218783
0.199758 0.00338505 0.0215737
0.200569 0.0496594 0.0216816
0.201381 0.0430422 0.0215201
0.202192 0.0379913 0.0213085
0.203004 0.0424699 0.0218528
0.203815 0.0148481 0.0215194
0.204626 0.0537229 0.021306
0.205438 0.0234895 0.0210723
0.206249 0.0253776 0.0216058
0.20706 0.00213638 0.0214406
0.207872 0.00927598 0.021115
0.208683 0.0644212 0.0213278
0.209494 0.0440918 0.0214231
0.210306 0.0216027 0.0216976
0.211117 0.0247156 0.0217381
0.211929 0.0050673 0.0215042
0.21274 0.0382711 0.0213561
0.213551 0.0527584 0.0221914
0.214363 0.0540472 0.0218829
0.215174 0.0190345 0.0221874
0.215985 0.0459922 0.0221182
0.216797 0.00477554 0.0213004
0.217608 0.0388422 0.0212088
0.21842 0.053173 0.0215807
0.219231 0.0608838 0.0214776
0.220042 0.0335398 0.0218805
0.220854 0.027904 0.0219127
0.221665 -0.00658187 0.0223822
0.222476 0.0212896 0.0213364
0.223288 0.0520132 0.0210958
0.224099 0.0557417 0.0208008
0.224911 0.0366905 0.0215551
0.225722 -0.0135434 0.0211222
0.226533 -0.0161882 0.0214011
0.227345 0.00259019 0.0215646
0.228156 -0.0153161 0.0219436
0.228967 0.0312829 0.0214398
0.229779 -0.0133534 0.0211321
0.23059 0.0411918 0.022195
0.231402 -0.0119709 0.0216175
0.232213 0.0426917 0.0214795
0.233024 0.0038313 0.0209948
0.233836 0.0149683 0.0210055
0.234647 0.00885604 0.0218095
0.235458 0.0136775 0.0210935
0.23627 0.0465955 0.0211051
0.237081 0.00916664 0.0220862
0.237893 0.0195248 0.0214096
0.238704 0.0204746 0.0218392
0.239515 0.0320253 0.0215186
0.240327 0.0231241 0.0215647
0.241138 0.0298484 0.0212583
0.241949 0.0314124 0.0211158
0.242761 0.0138915 0.0213789
0.243572 0.0403997 0.0214328
0.244384 0.00390814 0.021005
0.245195 0.0231916 0.0218967
0.246006 0.0110412 0.0221743
0.246818 0.0298125 0.0222517
0.247629 0.0483739 0.0217703
0.24844 -0.00509938 0.0207447
0.249252 0.0503418 0.021372
0.250063 -0.00661994 0.0213881
0.250875 0.018825 0.0216914
0.251686 0.0398173 0.0212007
0.252497 0.0402041 0.0210857
0.253309 0.0461261 0.0217723
0.25412 0.0257812 0.0209795
0.254931 0.0492655 0.0219471
0.255743 0.0467886 0.0212546
0.256554 0.0467255 0.0215211
0.257366 0.0361781 0.0213634
0.258177 0.0402773 0.0211378
0.258988 0.0458463 0.0210937
0.2598 0.0192225 0.0206498
0.260611 0.0250572 0.0216058
0.261422 -0.00878611 0.0213044
0.262234 0.00564419 0.0216099
0.263045 0.0379058 0.0218468
0.263857 0.0169136 0.0213407
0.264668 0.0569727 0.0211115
0.265479 0.0370454 0.0211841
0.266291 0.0479273 0.0207164
0.267102 0.0435705 0.0219232
0.267913 0.0316164 0.021411
0.268725 0.0197442 0.0211797
0.269536 0.0375732 0.0205078
0.270347 0.0159652 0.0217831
0.271159 0.0273137 0.0205852
0.27197 0.0601447 0.0210391
0.272782 0.00769357 0.0212818
0.273593 0.0327697 0.0215652
0.274404 0.0137232 0.0216684
0.275216 0.0315408 0.0213675
0.276027 0.0271073 0.0213801
0.276838 0.0218583 0.0215726
0.27765 -0.00583798 0.0211341
0.278461 0.047487 0.0213368
0.279273 0.0407639 0.0211675
0.280084 0.017283 0.0206232
0.280895 -0.0183506 0.0207432
0.281707 0.00647215 0.0213907
0.282518 0.0181277 0.0217258
0.283329 -0.0503189 0.0222577
0.284141 0.000359705 0.0212616
0.284952 -0.0273025 0.0214873
0.285764 0.0336866 0.0215392
0.286575 0.0262633 0.0215148
0.287386 0.0348581 0.0218429
0.288198 0.0371695 0.0222765
0.289009 0.0386873 0.0220447
0.28982 0.0434236 0.0209804
0.290632 0.0175606 0.0206031
0.291443 0.0193274 0.0215188
0.292255 0.0242906 0.0215228
0.293066 0.0470023 0.0207981
0.293877 -0.00780858 0.0214908
0.294689 0.0300927 0.0218641
0.2955 0.00359032 0.020767
0.296311 0.0425498 0.0213699
0.297123 0.0173279 0.0219793
0.297934 0.0337982 0.0213134
0.298746 -0.0115005 0.0211879
0.299557 0.00746159 0.0210183
0.300368 0.0075232 0.0213432
0.30118 0.0084891 0.0209078
0.301991 -0.00645666 0.0196076
0.302802 0.0177865 0.02118
0.303614 0.0303745 0.0212604
0.304425 0.0458531 0.0205921
0.305237 -0.00512488 0.0204885
0.306048 -0.0151947 0.0213001
0.306859 0.0403996 0.0210083
0.307671 -0.00338328 0.021293
0.308482 0.0303521 0.0208445
0.309293 -0.0109056 0.0206004
0.310105 0.0109449 0.0207677
0.310916 0.014758 0.021453
0.311728 0.0111769 0.0209782
0.312539 -0.0141491 0.0210543
0.31335 0.0515141 0.0204745
0.314162 0.0312691 0.0221103
0.314973 0.0512983 0.0205348
0.315784 -0.00562834 0.0201887
0.316596 -0.00525479 0.0209482
0.317407 0.0148366 0.020916
0.318219 0.0433384 0.0210626
0.31903 0.0141514 0.02078
0.319841 -0.0160875 0.0209835
0.320653 0.0148395 0.020521
0.321464 0.024521 0.0208565
0.322275 -0.0173043 0.020591
0.323087 -0.019694 0.020921
0.323898 0.000955494 0.020611
0.324709 0.0101567 0.0209991
0.325521 -0.0171823 0.0206529
0.326332 0.00766314 0.0210579
0.327144 -0.0111747 0.0208764
0.327955 0.0444252 0.0207716
0.328766 0.054229 0.0211298
0.329578 -0.00229365 0.0201726
0.330389 0.0296607 0.0208858
0.3312 0.00622751 0.0212568
0.332012 0.0301266 0.0199368
0.332823 -0.0153446 0.020357
0.333635 0.00145802 0.0204876
0.334446 0.0262405 0.0208158
0.335257 0.0401671 0.0204796
0.336069 0.000124002 0.0210399
0.33688 0.0282414 0.0211144
0.337691 0.0033861 0.0213418
0.338503 -0.0119065 0.0206938
0.339314 -0.0252599 0.0201822
0.340126 -0.0141246 0.0211158
0.340937 0.00498736 0.0206311
0.341748 0.0648261 0.0213274
0.34256 0.0271653 0.0208144
0.343371 0.00832574 0.0207397
0.344182 0.0268514 0.0210013
0.344994 0.00471786 0.020784
0.345805 0.00784752 0.0209776
0.346617 -0.0315413 0.0204501
0.347428 0.0687808 0.0209591
0.348239 -0.0195387 0.0198821
0.349051 0.0384935 0.0209657
0.349862 0.00500561 0.0207559
0.350673 -0.00918599 0.0210735
0.351485 0.00864391 0.0209039
0.352296 0.00897691 0.0203226
0.353108 -0.0195757 0.0198281
0.353919 0.00804201 0.020016
0.35473 0.0355005 0.0213449
0.355542 0.000613205 0.0204314
0.356353 -0.0120372 0.021095
0.357164 0.0732884 0.019892
0.357976 -0.00144014 0.0196006
0.358787 -0.01577 0.0212494
0.359599 -0.00386605 0.0210072
0.36041 -0.00171838 0.0201818
0.361221 0.0225372 0.0199713
0.362033 0.0346014 0.0205634
0.362844 -0.0330839 0.0202109
0.363655 0.0352836 0.0210288
0.364467 0.0223761 0.0206168
0.365278 0.031509 0.0204606
0.36609 0.0599466 0.0211654
0.366901 -0.0374124 0.0207175
0.367712 0.00215119 0.0212062
0.368524 -0.0179956 0.0202038
0.369335 0.0224993 0.0207609
0.370146 -0.0191195 0.0211007
0.370958 -0.00954354 0.0197495
0.371769 0.00126474 0.0201937
0.372581 0.00816411 0.0202474
0.373392 0.0146718 0.020399
0.374203 0.0277631 0.0205771
0.375015 0.00654007 0.0205744
0.375826 0.0207718 0.0201547
0.376637 0.0135862 0.0206451
0.377449 0.00273408 0.0197107
0.37826 0.00293689 0.0213057
0.379072 0.00827908 0.0200527
0.379883 -0.00821928 0.0201256
0.380694 0.00031307 0.0193643
0.381506 0.018556 0.018936
0.382317 0.0194458 0.0200818
0.383128 0.00542513 0.0204254
0.38394 -0.00821528 0.020225
0.384751 0.0390298 0.0196327
0.385562 0.0269126 0.0191687
0.386374 0.0193837 0.0194679
0.387185 0.0346568 0.0191862
0.387997 0.0306557 0.0201421
0.388808 0.00997568 0.0201639
0.389619 0.0394486 0.0204769
0.390431 0.0120587 0.0198804
0.391242 0.0400839 0.0205723
0.392053 0.023948 0.0198017
0.392865 0.0463987 0.0199881
0.393676 0.00531788 0.0199254
0.394488 0.0319883 0.0196669
0.395299 0.039081 0.0201934
0.39611 0.039427 0.0206584
0.396922 0.0306434 0.0192074
0.397733 0.0149057 0.0198366
0.398544 -0.0178658 0.0202652
0.399356 -0.0242894 0.0200369
0.400167 -0.00593671 0.0206233
0.400979 -0.0319093 0.0203256
0.40179 -0.0119667 0.0202992
0.402601 0.0326543 0.0202648
0.403413 0.0443753 0.0203691
0.404224 0.0109989 0.0199324
0.405035 -0.0297689 0.0201877
0.405847 0.00515184 0.0193887
0.406658 0.00655561 0.0199965
0.40747 -0.0098873 0.0200228
0.408281 0.00659486 0.0200593
0.409092 -0.0149713 0.0202901
0.409904 0.0125277 0.0200066
0.410715 0.0328545 0.0201125
0.411526 0.00975766 0.0206627
0.412338 -0.000584553 0.0205245
0.413149 -0.000216119 0.0199959
0.413961 -0.00559941 0.0207335
0.414772 0.00253997 0.0196979
0.415583 0.00480883 0.0201087
0.416395 -0.00909294 0.0198614
0.417206 -0.00254781 0.0200671
0.418017 0.0422661 0.0200742
0.418829 0.021045 0.0205093
0.41964 0.0398038 0.0202369
0.420452 0.00626054 0.0192583
0.421263 0.0260156 0.0196773
0.422074 0.00996576 0.0200815
0.422886 0.0257847 0.0200909
0.423697 0.0324149 0.0200408
0.424508 0.0476541 0.0198825
0.42532 0.0256243 0.0198492
0.426131 0.00934067 0.0197345
0.426943 -0.00356457 0.0199576
0.427754 0.0355635 0.0200376
0.428565 -0.00924613 0.0204655
0.429377 0.0341802 0.0204283
0.430188 0.00940033 0.0202422
0.430999 0.019335 0.0196499
0.431811 0.00757248 0.0195576
0.432622 0.00114187 0.0202505
0.433434 0.00157601 0.0205417
0.434245 0.0380913 0.0198775
0.435056 0.0332228 0.0204472
0.435868 0.0173012 0.0201763
0.436679 0.0302917 0.019475
0.43749 -0.00787011 0.0200533
0.438302 -0.00550765 0.0203769
0.439113 0.042815 0.0199094
0.439924 -0.000284165 0.0201878
0.440736 0.0139093 0.0200344
0.441547 0.00256726 0.020087
0.442359 0.0323558 0.020556
0.44317 0.0220766 0.0201475
0.443981 0.021798 0.0205989
0.444793 0.00369597 0.0196007
0.445604 0.00800267 0.020262
0.446415 0.00100139 0.0205273
0.447227 -0.0087805 0.0198375
0.448038 0.0352718 0.0190223
0.44885 -0.0305909 0.0196447
0.449661 0.0266125 0.0199438
0.450472 0.0236457 0.0197458
0.451284 0.0157395 0.0197155
0.452095 0.0302634 0.0201298
0.452906 0.00536448 0.0194354
0.453718 0.0239277 0.0197841
0.454529 0.0482779 0.0197911
0.455341 0.031328 0.0203346
0.456152 0.0198412 0.0194729
0.456963 0.0459379 0.0204847
0.457775 0.0222556 0.0199859
0.458586 0.0467522 0.0190288
0.459397 0.0148163 0.0184243
0.460209 -0.0281924 0.0186472
0.46102 0.034322 0.0195634
0.461832 0.0317017 0.0198199
0.462643 -0.012928 0.0190541
0.463454 0.011465 0.0198061
0.464266 -0.0148003 0.0192978
0.465077 0.0719094 0.0192118
0.465888 0.0263872 0.0193919
0.4667 0.0129124 0.0193836
0.467511 0.0521762 0.0190475
0.468323 -0.0124535 0.0198049
0.469134 -0.00940423 0.0194192
0.469945 0.00347924 0.0194965
0.470757 0.0178758 0.0193313
0.471568 0.0256911 0.0193024
0.472379 -0.00070208 0.0198154
0.473191 0.0294926 0.0188832
0.474002 0.0352434 0.0189185
0.474814 0.0060076 0.0196306
0.475625 0.000750283 0.0195018
0.476436 0.0161959 0.0192916
0.477248 0.0268328 0.0191492
0.478059 0.0300487 0.0192865
0.47887 -0.0107639 0.0194133
0.479682 0.0104076 0.0194408
0.480493 0.0137268 0.0203197
0.481305 0.037919 0.0199883
0.482116 0.0362695 0.0191629
0.482927 0.0440797 0.0199663
0.483739 0.0102751 0.0195188
0.48455 0.00919535 0.0191756
0.485361 0.0367643 0.0190435
0.486173 0.0823664 0.020013
0.486984 0.0242332 0.0191196
0.487796 0.0193978 0.0194638
0.488607 0.0210783 0.019296
0.489418 -0.00132393 0.019557
0.49023 0.00536509 0.0192823
0.491041 -0.000226067 0.0188702
0.491852 0.0177996 0.0198653
0.492664 0.0570068 0.0198935
0.493475 -0.00367039 0.0196147
0.494287 0.0253325 0.0198269
0.495098 0.00892508 0.0197158
0.495909 0.0153233 0.0198758
0.496721 0.0143213 0.0198303
0.497532 0.00938779 0.0197564
0.498343 0.00627124 0.0198903
0.499155 0.00186771 0.0194876
0.499966 0.0151068 0.0197844
0.500777 0.0210138 0.0194279
0.501589 0.0195605 0.0192193
0.5024 -0.00616361 0.0195019
0.503212 0.00750159 0.0199456
0.504023 0.0336343 0.0196496
0.504834 0.0109094 0.019902
0.505646 0.0217752 0.0192831
0.506457 0.012572 0.0201317
0.507268 0.0177609 0.0191052
0.50808 0.00984779 0.0196143
0.508891 0.0121019 0.0197168
0.509703 0.0211178 0.0194319
0.510514 0.0253611 0.0194576
0.511325 -0.00333392 0.0192855
0.512137 0.0194549 0.0199208
0.512948 0.0129008 0.0193856
0.513759 0.0387347 0.0201056
0.514571 -0.00671746 0.0185696
0.515382 0.0193497 0.0194235
0.516194 0.0139886 0.0195644
0.517005 0.0370994 0.0192548
0.517816 -0.0226568 0.0199036
0.518628 0.0285211 0.0199027
0.519439 0.0142666 0.019783
0.52025 0.0406166 0.0190043
0.521062 0.00057392 0.0194253
0.521873 -0.00431458 0.0192326
0.522685 -0.0029018 0.0198091
0.523496 -0.00670595 0.0188927
0.524307 0.00723145 0.0196523
0.525119 0.000527994 0.0190165
0.52593 0.0257416 0.0197964
0.526741 0.0386575 0.0190216
0.527553 -0.0216531 0.019418
0.528364 0.0123023 0.0192363
0.529176 0.00623279 0.019078
0.529987 0.0192297 0.0198865
0.530798 0.0393702 0.0196016
0.53161 0.0269 0.0192156
0.532421 -0.0214304 0.0197448
0.533232 0.0197459 0.0194124
0.534044 0.0227929 0.0197327
0.534855 0.0165999 0.0202263
0.535667 0.00294376 0.019335
0.536478 0.0219194 0.0195435
0.537289 -0.012805 0.0182685
0.538101 0.00809275 0.0178283
0.538912 0.0115781 0.0179641
0.539723 0.0215251 0.0196697
0.540535 -0.0105982 0.0194104
0.541346 0.00551179 0.0189072
0.542158 0.0101343 0.019315
0.542969 0.00719766 0.018916
0.54378 0.0240629 0.0189748
0.544592 -0.0220474 0.0183326
0.545403 0.0246854 0.0189503
0.546214 -0.0013354 0.0198133
0.547026 0.00621055 0.0194396
0.547837 0.00138189 0.0195418
0.548649 0.0639051 0.0192818
0.54946 0.0051396 0.0195668
0.550271 0.0249866 0.0195823
0.551083 0.0165941 0.0199135
0.551894 -0.00592923 0.0194599
0.552705 0.00809332 0.0190698
0.553517 -0.0314109 0.0198447
0.554328 -0.00860172 0.0199887
0.55514 0.0291814 0.0193358
0.555951 -0.0118715 0.0200101
0.556762 0.0243719 0.0200197
0.557574 0.00791949 0.019648
0.558385 0.0231148 0.019835
0.559196 0.00345265 0.0193631
0.560008 0.0152056 0.0192876
0.560819 -0.0122304 0.0193287
0.56163 0.0264844 0.0200585
0.562442 -0.0287903 0.0199556
0.563253 0.0153239 0.0193519
0.564065 -0.0149643 0.0201164
0.564876 0.0182248 0.0197468
0.565687 -0.0235029 0.0196159
0.566499 0.0202479 0.0200973
0.56731 -0.00232369 0.0195121
0.568121 0.0192322 0.0196404
0.568933 0.0168838 0.0195935
0.569744 0.0127758 0.0197928
0.570556 0.000308528 0.0200967
0.571367 -0.0118107 0.0201662
0.572178 0.0118026 0.0207443
0.57299 -0.0142071 0.0198327
0.573801 0.0164912 0.0196389
0.574612 0.0164395 0.0207677
0.575424 -0.00721767 0.0197333
0.576235 -0.00390684 0.0200824
0.577047 0.0177823 0.019404
0.577858 0.0236433 0.0201179
0.578669 -0.00803291 0.0203274
0.579481 0.0179199 0.0203299
0.580292 0.0126907 0.0202367
0.581103 -0.00673112 0.020307
0.581915 -0.0286666 0.0204517
0.582726 0.0264948 0.0195907
0.583538 0.0254919 0.0194555
0.584349 0.0107788 0.019868
0.58516 0.0197555 0.0200339
0.585972 -0.00975724 0.0203846
0.586783 0.0502385 0.0200894
0.587594 -0.00777856 0.0193668
0.588406 0.031392 0.019749
0.589217 0.0484475 0.019744
0.590029 0.0057535 0.0196705
0.59084 -0.00888888 0.0197089
0.591651 0.0223206 0.0204824
0.592463 0.0279585 0.0195744
0.593274 0.0208745 0.0205875
0.594085 0.0158702 0.0203399
0.594897 0.00474302 0.0199857
0.595708 -0.00673515 0.0199732
0.59652 0.0207666 0.0201354
0.597331 0.0246533 0.0195028
0.598142 -0.00791302 0.0197229
0.598954 0.0371442 0.0196775
0.599765 0.0340987 0.0202799
0.600576 0.0355614 0.020376
0.601388 0.0111742 0.0205942
0.602199 0.0105711 0.0200739
0.603011 -0.00148932 0.0199892
0.603822 -0.000717048 0.0199958
0.604633 0.0103093 0.0198814
0.605445 0.0150179 0.0202713
0.606256 0.00672786 0.0200043
0.607067 -0.027079 0.0198631
0.607879 0.0232539 0.0200561
0.60869 0.0157043 0.0202295
0.609502 0.0200234 0.0203071
0.610313 0.0103198 0.0201892
0.611124 0.026857 0.0202094
0.611936 -0.00604377 0.0200174
0.612747 0.0331557 0.0202682
0.613558 0.0105738 0.0202703
0.61437 0.0277147 0.0206855
