#
# Fitted experimental I(q) and calculated I(q) in multi-column format
#
# Columns 1 though 5 are:
#   1) Q (from experimental data)
#   2) Fitted experimental I(q)
#   3) Experimental error after fit
#   4) Calculated/model I(q) (no fit)
#   5) Error of calculated I(q)
#
  0.115194      1.20675e+08 2.94286e+07      1.09253e+08     809192
  0.123308      8.36116e+07  2.373e+07      1.0837e+08     802550
  0.131422      1.02125e+08 1.99429e+07      1.07487e+08     795908
  0.139535      9.62888e+07 1.67658e+07      1.06604e+08     789267
  0.147649      1.03675e+08 1.37331e+07      1.05721e+08     782625
  0.155763      1.24714e+08 1.23591e+07      1.04838e+08     775983
  0.163877      9.36395e+07 1.41235e+07      1.03956e+08     769341
   0.17199      8.03117e+07 1.1199e+07      1.03073e+08     762700
  0.180104      8.74428e+07 1.25725e+07      1.0219e+08     756058
  0.188218      1.09339e+08 9.3693e+06      1.01307e+08     749416
  0.196332      8.65334e+07 1.20565e+07      1.00424e+08     742774
  0.204445      8.49838e+07 1.07246e+07      9.93383e+07     734990
  0.212559      7.46547e+07 9.96968e+06      9.80848e+07     726263
  0.220673      9.61885e+07 9.72438e+06      9.68313e+07     717536
  0.228786      7.55126e+07 9.92593e+06      9.55779e+07     708809
    0.2369      7.4223e+07 9.75655e+06      9.43244e+07     700082
  0.245014      8.16169e+07 8.28467e+06      9.30709e+07     691355
  0.253128      7.99665e+07 8.81668e+06      9.18174e+07     682628
  0.261241      8.40087e+07 8.9454e+06      9.0564e+07     673901
  0.269355      7.28921e+07 8.62073e+06      8.93105e+07     665174
  0.277469      6.81983e+07 9.30354e+06      8.8057e+07     656447
  0.285583      8.91097e+07 7.38142e+06      8.68035e+07     647720
  0.293696      7.94702e+07 8.37022e+06      8.55501e+07     638993
   0.30181      9.19994e+07  7.883e+06      8.42688e+07     630150
  0.309924      7.96264e+07 7.38815e+06      8.28908e+07     620904
  0.318038      9.49857e+07 7.77247e+06      8.15129e+07     611658
  0.326151      6.33349e+07 7.33023e+06      8.01351e+07     602413
  0.334265      6.96753e+07 7.96975e+06      7.87571e+07     593167
  0.342379      7.18773e+07 7.39054e+06      7.73791e+07     583921
  0.350492       5.853e+07 7.15655e+06      7.60013e+07     574676
  0.358606      6.90031e+07 7.32675e+06      7.46233e+07     565430
   0.36672      7.03097e+07 7.01916e+06      7.32453e+07     556184
  0.374834      7.48228e+07 6.6886e+06      7.18674e+07     546938
  0.382947      5.86321e+07 6.70566e+06      7.04896e+07     537693
  0.391061      6.45042e+07 6.46459e+06      6.91116e+07     528447
  0.399175      6.12428e+07 6.43799e+06      6.77336e+07     519201
  0.407289      5.70683e+07 6.57872e+06      6.64423e+07     510369
  0.415402      6.21023e+07 6.14542e+06      6.51609e+07     501585
  0.423516      8.24373e+07 6.4253e+06      6.38793e+07     492800
   0.43163      6.5964e+07 6.6304e+06      6.25978e+07     484014
  0.439743      6.52145e+07 5.99828e+06      6.13164e+07     475230
  0.447857      4.99242e+07 6.26943e+06      6.00348e+07     466445
  0.455971      5.41148e+07 6.29946e+06      5.87533e+07     457660
  0.464085      5.99648e+07 6.19636e+06      5.74717e+07     448874
  0.472198      5.39279e+07 5.87194e+06      5.61903e+07     440090
  0.480312      6.27234e+07 5.66669e+06      5.49088e+07     431305
  0.488426      3.56657e+07 5.67734e+06      5.36272e+07     422520
   0.49654      4.65223e+07 5.84847e+06      5.23457e+07     413734
  0.504653      5.95527e+07 5.55486e+06      5.11995e+07     405508
  0.512767      5.25904e+07 5.58017e+06      5.01537e+07     397695
  0.520881      5.32752e+07 5.52241e+06      4.9108e+07     389883
  0.528995      4.12559e+07 5.47356e+06      4.80622e+07     382070
  0.537108      3.94843e+07 5.48774e+06      4.70165e+07     374259
  0.545222      5.48339e+07 5.47536e+06      4.59708e+07     366446
  0.553336      5.22537e+07 5.29573e+06      4.4925e+07     358634
  0.561449      4.64477e+07 5.26706e+06      4.38793e+07     350822
  0.569563      3.97881e+07 5.29871e+06      4.28336e+07     343010
  0.577677      5.07384e+07 5.00783e+06      4.17878e+07     335197
  0.585791      4.63089e+07 5.20224e+06      4.0742e+07     327385
  0.593904      4.25615e+07 5.12718e+06      3.96964e+07     319573
  0.602018      4.2552e+07 5.13275e+06      3.87194e+07     312034
  0.610132      4.1961e+07 5.20342e+06      3.79503e+07     305321
  0.618246      3.93602e+07 4.82996e+06      3.71811e+07     298607
  0.626359      3.70917e+07 5.07548e+06      3.64121e+07     291895
  0.634473      4.27281e+07 4.88593e+06      3.56429e+07     285181
  0.642587      4.25643e+07 4.81821e+06      3.48738e+07     278468
  0.650701      4.44504e+07 4.81403e+06      3.41046e+07     271754
  0.658814      3.95003e+07 4.66846e+06      3.33355e+07     265041
  0.666928      2.93185e+07 4.6839e+06      3.25664e+07     258328
  0.675042      3.45864e+07 4.79044e+06      3.17972e+07     251614
  0.683155      3.87527e+07 4.73396e+06      3.10282e+07     244902
  0.691269      3.70969e+07 4.82017e+06      3.0259e+07     238188
  0.699383      2.95911e+07 4.5592e+06      2.94899e+07     231475
  0.707497      3.46617e+07 4.57156e+06      2.89426e+07     226227
   0.71561      3.66045e+07 4.60603e+06      2.84135e+07     221101
  0.723724       3.596e+07 4.41171e+06      2.78845e+07     215974
  0.731838      2.24971e+07 4.64471e+06      2.73554e+07     210847
  0.739952      2.78957e+07 4.46002e+06      2.68263e+07     205720
  0.748065       3.213e+07 4.52453e+06      2.62973e+07     200593
  0.756179      3.29737e+07 4.54445e+06      2.57682e+07     195466
  0.764293      3.54727e+07 4.25527e+06      2.52391e+07     190339
  0.772407      3.14259e+07 4.37944e+06       2.471e+07     185212
   0.78052      2.61115e+07 4.34806e+06      2.4181e+07     180086
  0.788634      3.86386e+07 4.19342e+06      2.36519e+07     174959
  0.796748      2.37783e+07 4.34641e+06      2.31228e+07     169832
  0.804861      2.69928e+07 4.36796e+06      2.2694e+07     165641
  0.812975      2.35659e+07 4.32125e+06      2.23321e+07     162077
  0.821089      2.45694e+07 4.38843e+06      2.19703e+07     158512
  0.829203      3.11814e+07 4.16461e+06      2.16084e+07     154947
  0.837316      2.45691e+07 4.19196e+06      2.12465e+07     151383
   0.84543      2.68095e+07 4.12238e+06      2.08847e+07     147818
  0.853544      2.73165e+07 3.93452e+06      2.05228e+07     144253
  0.861658      2.1747e+07 4.03928e+06      2.01609e+07     140688
  0.869771      2.00556e+07 4.05975e+06      1.97991e+07     137124
  0.877885      2.25178e+07 4.02835e+06      1.94372e+07     133559
  0.885999      1.94324e+07 3.90427e+06      1.90753e+07     129994
  0.894113      1.66515e+07 4.02315e+06      1.87135e+07     126429
  0.902226      2.32892e+07 4.06523e+06      1.83782e+07     123264
   0.91034      2.94965e+07 4.04409e+06      1.81131e+07     121151
  0.918454      2.34941e+07 3.8539e+06      1.7848e+07     119039
  0.926567      2.61577e+07 3.9627e+06      1.75829e+07     116927
  0.934681      2.88885e+07 3.80088e+06      1.73178e+07     114814
  0.942795      2.06107e+07 3.88282e+06      1.70527e+07     112702
  0.950909      2.08243e+07 3.91298e+06      1.67876e+07     110590
  0.959022      1.49064e+07 3.83931e+06      1.65225e+07     108478
  0.967136       1.535e+07 3.93752e+06      1.62574e+07     106365
   0.97525      1.56376e+07 3.88689e+06      1.59923e+07     104253
  0.983364      2.29138e+07 3.76844e+06      1.57272e+07     102141
  0.991477      1.69115e+07 3.69373e+06      1.54622e+07     100029
  0.999591      1.86068e+07 3.85099e+06      1.51971e+07    97916.5
    1.0077      1.29626e+07 3.73303e+06       1.498e+07    96451.4
   1.01582      1.73994e+07 3.60641e+06      1.47652e+07    95018.6
   1.02393      1.77583e+07 3.79661e+06      1.45507e+07    93587.6
   1.03205      2.21276e+07 3.64222e+06      1.43358e+07    92154.8
   1.04016      1.79668e+07 3.6827e+06      1.41213e+07    90723.8
   1.04827      1.35453e+07 3.60591e+06      1.39068e+07    89292.9
   1.05639      1.64418e+07 3.68996e+06      1.3692e+07    87860.1
    1.0645      8.70511e+06 3.52274e+06      1.34774e+07    86429.1
   1.07261      1.21468e+07 3.60554e+06      1.32629e+07    84998.1
   1.08073      1.2941e+07 3.55558e+06      1.30481e+07    83565.4
   1.08884      1.61983e+07 3.48504e+06      1.28335e+07    82134.4
   1.09696      1.89517e+07 3.64738e+06      1.26187e+07    80701.6
   1.10507      1.26272e+07 3.55152e+06      1.24231e+07    79547.5
   1.11318      1.4284e+07 3.50701e+06      1.22387e+07    78559.4
    1.1213      1.55408e+07 3.41836e+06      1.20542e+07    77570.2
   1.12941      1.51441e+07 3.48457e+06      1.18699e+07    76582.1
   1.13752      1.09234e+07  3.555e+06      1.16855e+07      75594
   1.14564      1.55504e+06 3.46014e+06      1.1501e+07    74604.7
   1.15375      1.52508e+07 3.39464e+06      1.13167e+07    73616.7
   1.16187      1.67402e+07 3.28665e+06      1.11321e+07    72627.4
   1.16998      8.87361e+06 3.35759e+06      1.09478e+07    71639.3
   1.17809      1.15405e+07 3.35585e+06      1.07635e+07    70651.3
   1.18621      1.37751e+07 3.26034e+06      1.05789e+07      69662
   1.19432      1.2611e+07 3.25777e+06      1.03946e+07    68673.9
   1.20243      9.1047e+06 3.40936e+06      1.02181e+07    67806.2
   1.21055      1.37443e+07 3.30213e+06      1.00598e+07      67219
   1.21866      7.83892e+06 3.24238e+06      9.90161e+06    66632.5
   1.22678      1.05375e+07 3.2648e+06      9.74326e+06    66045.3
   1.23489      1.77043e+07 3.41512e+06      9.58511e+06    65458.9
     1.243      1.06024e+07 3.26494e+06      9.42696e+06    64872.4
   1.25112      1.16644e+07 3.39628e+06      9.26861e+06    64285.2
   1.25923      8.67941e+06 3.32061e+06      9.11046e+06    63698.7
   1.26734      1.15375e+07 3.2832e+06      8.9523e+06    63112.3
   1.27546      7.36532e+06 3.18958e+06      8.79395e+06    62525.1
   1.28357      1.23519e+07 3.28702e+06      8.6358e+06    61938.6
   1.29169      1.19457e+07 3.15625e+06      8.47745e+06    61351.4
    1.2998      7.34396e+06 3.2368e+06      8.3193e+06      60765
   1.30791      1.15574e+07 3.19887e+06      8.18705e+06    60302.7
   1.31603      8.2413e+06 3.2213e+06      8.0553e+06      59843
   1.32414      6.95211e+06 3.18011e+06      7.9237e+06    59383.9
   1.33225      1.04578e+07 3.17387e+06      7.79211e+06    58924.7
   1.34037      5.56552e+06 3.01473e+06      7.66036e+06      58465
   1.34848          302857 3.07278e+06      7.52876e+06    58005.9
    1.3566      9.8338e+06 3.04459e+06      7.39701e+06    57546.2
   1.36471      5.73993e+06 3.18842e+06      7.26542e+06    57087.1
   1.37282      1.26468e+07 3.03437e+06      7.13382e+06    56627.9
   1.38094      1.2402e+07 2.98944e+06      7.00207e+06    56168.2
   1.38905      7.07976e+06 3.04715e+06      6.87047e+06    55709.1
   1.39716      7.06999e+06 3.02236e+06      6.73888e+06      55250
   1.40528      6.77958e+06 3.03123e+06      6.62314e+06    54784.2
   1.41339      3.68765e+06 3.02358e+06      6.51615e+06    54315.8
   1.42151      1.08985e+07 2.89385e+06      6.40902e+06    53846.7
   1.42962      6.66752e+06 2.85127e+06      6.30203e+06    53378.3
   1.43773      4.15046e+06 2.98574e+06      6.19503e+06    52909.8
   1.44585      7.44737e+06 2.94298e+06      6.08791e+06    52440.8
   1.45396      4.82189e+06 2.95399e+06      5.98091e+06    51972.4
   1.46207      1.15036e+07 2.88679e+06      5.87392e+06    51503.9
   1.47019      3.19982e+06 2.89729e+06      5.76679e+06    51034.9
    1.4783      5.91883e+06 2.96606e+06      5.6598e+06    50566.4
   1.48641      3.55013e+06 2.8887e+06      5.5528e+06      50098
   1.49453      6.23303e+06 2.89225e+06      5.44568e+06      49629
   1.50264      5.45482e+06 2.83014e+06      5.3451e+06    49122.2
   1.51076      4.7658e+06 2.86718e+06      5.2577e+06    48535.1
   1.51887      5.07687e+06 2.93822e+06      5.17042e+06    47948.9
   1.52698      4.30682e+06 2.82538e+06      5.08314e+06    47362.6
    1.5351      5.70911e+06 2.89785e+06      4.99574e+06    46775.6
   1.54321      8.43353e+06 2.87206e+06      4.90846e+06    46189.3
   1.55132      6.23964e+06 2.90268e+06      4.82117e+06      45603
   1.55944      5.41349e+06 2.88276e+06      4.73378e+06      45016
   1.56755      7.24416e+06 2.89121e+06      4.6465e+06    44429.7
   1.57567      -2.50782e+06 2.85875e+06      4.5591e+06    43842.7
   1.58378      6.68932e+06 2.87566e+06      4.47182e+06    43256.5
   1.59189      3.95564e+06 2.8998e+06      4.38453e+06    42670.2
   1.60001         -844946 2.88496e+06      4.29716e+06    42083.1
   1.60812      1.78667e+06 2.86403e+06      4.22436e+06    41453.8
   1.61623      5.87266e+06 2.81441e+06      4.15157e+06    40824.4
   1.62435      1.46376e+06 2.89162e+06      4.07868e+06    40194.3
   1.63246      4.77275e+06 2.90323e+06      4.00589e+06    39564.9
   1.64058      6.16211e+06 2.8321e+06       3.933e+06    38934.8
   1.64869      4.57751e+06 2.86104e+06      3.86021e+06    38305.5
    1.6568      1.19808e+06 2.85772e+06      3.78741e+06    37676.1
   1.66492      1.15096e+07 2.82662e+06      3.71453e+06      37046
   1.67303      4.94746e+06 2.92615e+06      3.64173e+06    36416.6
   1.68114      7.88791e+06 2.82708e+06      3.56894e+06    35787.3
   1.68926      3.95773e+06 2.95932e+06      3.49605e+06    35157.1
   1.69737      4.16313e+06 2.89799e+06      3.42326e+06    34527.8
   1.70549      -2.298e+06 2.99032e+06      3.35798e+06    33936.7
    1.7136      5.68274e+06 2.95872e+06      3.29643e+06    33365.1
   1.72171      5.46394e+06 2.96253e+06      3.23488e+06    32793.5
   1.72983      6.27692e+06 3.07159e+06      3.17325e+06    32221.2
   1.73794      4.26867e+06 3.07924e+06      3.1117e+06    31649.6
   1.74605      3.84377e+06 3.01278e+06      3.05015e+06      31078
   1.75417         -144813 3.12574e+06      2.98852e+06    30505.6
   1.76228      2.80002e+06 3.02103e+06      2.92697e+06      29934
    1.7704          989343 2.99263e+06      2.86534e+06    29361.7
   1.77851      4.58323e+06 3.03708e+06      2.80379e+06    28790.1
   1.78662      2.60922e+06 3.01276e+06      2.74224e+06    28218.5
   1.79474      2.0496e+06 3.00553e+06      2.68061e+06    27646.1
   1.80285         -171215 3.00246e+06      2.62267e+06    27106.3
   1.81096      1.66894e+06 2.96442e+06      2.57139e+06    26625.3
   1.81908      2.71859e+06 3.03296e+06      2.52005e+06    26143.6
   1.82719      -1.4203e+06 2.94742e+06      2.46878e+06    25662.5
   1.83531      6.52009e+06 3.04246e+06      2.41744e+06    25180.8
   1.84342      6.16975e+06 2.98734e+06      2.36616e+06    24699.7
   1.85153      -1.46969e+06 3.0504e+06      2.31488e+06    24218.6
   1.85965      1.10574e+07 3.01025e+06      2.26354e+06      23737
   1.86776      -2.6671e+06 3.08633e+06      2.21226e+06    23255.9
   1.87587      4.8118e+06 3.04136e+06      2.16099e+06    22774.8
   1.88399      1.42369e+06 3.01835e+06      2.10965e+06    22293.1
    1.8921      5.93422e+06 3.04972e+06      2.05837e+06      21812
   1.90022         49981.2 3.06312e+06      2.00731e+06      21334
   1.90833      2.83298e+06 2.98169e+06      1.96636e+06    20986.3
   1.91644      3.60126e+06 2.96651e+06      1.92541e+06    20638.6
   1.92456          988834 3.04745e+06      1.88442e+06    20290.4
   1.93267         -827779 3.0162e+06      1.84347e+06    19942.7
   1.94078      -2.26233e+06 3.01684e+06      1.80252e+06      19595
    1.9489      3.58653e+06 3.00397e+06      1.76152e+06    19246.9
   1.95701         -189288 2.99238e+06      1.72058e+06    18899.2
   1.96513      6.09534e+06  3.104e+06      1.67958e+06    18551.1
   1.97324      4.1149e+06 2.99603e+06      1.63863e+06    18203.4
   1.98135      -1.3269e+06 2.95672e+06      1.59768e+06    17855.7
   1.98947         -496189 2.99152e+06      1.55669e+06    17507.6
   1.99758      8.02499e+06 3.02024e+06      1.51574e+06    17159.9
   2.00569      7.06538e+06 2.94344e+06      1.4818e+06    16908.1
   2.01381      4.56773e+06 2.96414e+06      1.45079e+06    16696.8
   2.02192      4.00092e+06 3.06699e+06      1.41983e+06    16485.9
   2.03004      2.4109e+06 2.98896e+06      1.38883e+06    16274.6
   2.03815      -3.97566e+06 2.94729e+06      1.35787e+06    16063.6
   2.04626      -1.04131e+06 2.91477e+06      1.3269e+06    15852.6
   2.05438      5.41701e+06 2.98217e+06      1.2959e+06    15641.4
   2.06249          774636 2.89986e+06      1.26494e+06    15430.4
    2.0706      -3.90558e+06 3.07052e+06      1.23398e+06    15219.4
   2.07872      3.47172e+06 3.08717e+06      1.20297e+06    15008.2
   2.08683          457654 2.97236e+06      1.17201e+06    14797.2
   2.09494      2.21679e+06 2.99846e+06      1.14105e+06    14586.2
   2.10306          496440 2.98043e+06      1.11331e+06    14409.8
   2.11117      2.03476e+06 3.00413e+06       1.091e+06      14291
   2.11929      -1.97573e+06 2.95268e+06      1.06867e+06      14172
    2.1274      3.69029e+06 3.05808e+06      1.04636e+06    14053.2
   2.13551      1.11035e+06 3.02008e+06      1.02405e+06    13934.4
   2.14363      -1.80141e+06 3.04507e+06      1.00171e+06    13815.5
   2.15174         -872470 3.00121e+06          979401    13696.7
   2.15985      -1.30801e+06 2.85256e+06          957092    13577.9
   2.16797      -2.09023e+06 2.97133e+06          934755    13458.9
   2.17608      4.86825e+06 2.99714e+06          912445    13340.1
    2.1842         -962221 2.91071e+06          890108    13221.2
   2.19231      2.62283e+06 2.98567e+06          867799    13102.4
   2.20042      -4.16029e+06 3.0098e+06          845835    12984.9
   2.20854      -2.81149e+06 2.95626e+06          830174    12892.8
   2.21665      1.93799e+06 2.95052e+06          814532    12800.7
   2.22476      -4.7132e+06 2.87454e+06          798890    12708.7
   2.23288          865847 2.88441e+06          783228    12616.5
   2.24099      1.57058e+06 2.99358e+06          767586    12524.5
   2.24911      2.9231e+06 2.96377e+06          751925    12432.4
   2.25722      -4.86102e+06 2.90613e+06          736283    12340.3
   2.26533      4.56431e+06 2.95203e+06          720641    12248.3
   2.27345      4.66736e+06 2.87645e+06          704980    12156.1
   2.28156      2.5801e+06 2.90221e+06          689338    12064.1
   2.28967      -2.12641e+06 2.90468e+06          673696      11972
   2.29779      1.26717e+06 2.91228e+06          658034    11879.9
    2.3059      -3.06485e+06 2.88228e+06          645813    11771.8
   2.31402         -386960 2.9401e+06          634858    11657.6
   2.32213      1.66374e+06 2.9951e+06          623918    11543.6
   2.33024         -663414 3.02275e+06          612977    11429.5
   2.33836      3.13377e+06 2.84561e+06          602022    11315.3
   2.34647      5.86755e+06 3.02368e+06          591082    11201.3
   2.35458      -3.16363e+06 2.86352e+06          580141    11087.2
    2.3627          453101 2.98119e+06          569187      10973
   2.37081          714391 3.02667e+06          558246      10859
   2.37893      -1.10467e+06 2.9791e+06          547291    10744.8
   2.38704      -1.96823e+06 2.93102e+06          536351    10630.8
   2.39515          358007 2.84718e+06          525410    10516.7
   2.40327      -1.90915e+06 2.91584e+06          515753    10387.2
   2.41138      1.69797e+06 2.89607e+06          508030    10235.1
   2.41949      5.44005e+06 2.92427e+06          500306      10083
   2.42761      -1.50709e+06 2.93364e+06          492573    9930.69
   2.43572      3.91886e+06 2.83227e+06          484850    9778.59
   2.44384      1.00126e+06 2.93931e+06          477117    9626.31
   2.45195      2.06326e+06  2.884e+06          469394    9474.21
   2.46006          101000 3.02102e+06          461671    9322.11
   2.46818      -1.34117e+06 2.79082e+06          453938    9169.83
   2.47629      -4.83611e+06 2.82468e+06          446215    9017.73
    2.4844      1.55917e+06 2.84398e+06          438491    8865.63
   2.49252      4.4393e+06 2.84805e+06          430758    8713.34
   2.50063          475868 2.93441e+06          423211    8561.28
   2.50875         -489192 2.87249e+06          417750    8409.41
   2.51686      2.42613e+06 2.89893e+06          412295    8257.73
   2.52497      5.30255e+06 2.7985e+06          406840    8106.05
   2.53309      1.88872e+06 2.90479e+06          401379    7954.18
    2.5412      -2.60803e+06 2.94109e+06          395924     7802.5
   2.54931          110723 2.90478e+06          390470    7650.82
   2.55743      2.2177e+06 2.93058e+06          385008    7498.96
   2.56554      2.00301e+06 2.79567e+06          379553    7347.28
   2.57366      1.39085e+06 2.95453e+06          374092    7195.41
   2.58177          563391 2.82356e+06          368637    7043.73
   2.58988      -1.02772e+06 2.9197e+06          363183    6892.05
     2.598      1.23885e+06 2.86778e+06          357721    6740.19
   2.60611      -5.76767e+06 2.8393e+06          353513    6651.89
   2.61422      1.05078e+06 2.78395e+06          349714    6584.35
   2.62234      -1.52956e+06 2.80786e+06          345909    6516.72
   2.63045          381521 2.87395e+06          342109    6449.17
   2.63857      -2.14544e+06 2.77481e+06          338305    6381.54
   2.64668      1.69895e+06 2.81895e+06          334505       6314
   2.65479      2.31652e+06 2.87548e+06          330705    6246.45
   2.66291      1.64295e+06 2.80547e+06          326901    6178.82
   2.67102      -1.14314e+06 2.93438e+06          323101    6111.28
   2.67913          311553 2.86089e+06          319301    6043.73
   2.68725      5.74001e+06 2.83527e+06          315497     5976.1
   2.69536      1.9356e+06 2.84443e+06          311697    5908.56
   2.70347      -1.86831e+06 2.90724e+06          308400    5850.05
   2.71159      3.17969e+06 2.84047e+06          305771    5803.59
    2.7197      2.88217e+06 2.86632e+06          303145    5757.18
   2.72782      3.45107e+06 2.8981e+06          300517    5710.72
   2.73593      -2.27897e+06 2.79259e+06          297891    5664.31
   2.74404      2.53741e+06 2.86989e+06          295265     5617.9
   2.75216         -437221 2.85892e+06          292637    5571.44
   2.76027      -3.45388e+06 2.84369e+06          290011    5525.03
   2.76838      1.07383e+06 2.88685e+06          287386    5478.63
    2.7765      -4.50378e+06 2.81176e+06          284757    5432.16
   2.78461      2.30052e+06 2.97013e+06          282131    5385.75
   2.79273      4.52447e+06 2.89746e+06          279503    5339.29
   2.80084         -717970 2.86447e+06          276955    5292.91
   2.80895      -1.9011e+06 2.78016e+06          275081    5246.78
   2.81707      -3.95109e+06 2.8565e+06          273204    5200.59
   2.82518         -769293 2.79109e+06          271330    5154.46
   2.83329      1.7279e+06 2.90525e+06          269456    5108.33
   2.84141       3.289e+06 2.81489e+06          267579    5062.14
   2.84952         -538501 2.84702e+06          265705    5016.01
   2.85764      3.72554e+06 2.87342e+06          263828    4969.82
   2.86575        -17380.2 2.79028e+06          261954    4923.68
   2.87386      4.60059e+06 2.77474e+06          260080    4877.55
   2.88198      1.39819e+06 2.81076e+06          258203    4831.36
   2.89009      -1.26605e+06 2.77053e+06          256329    4785.23
    2.8982      -2.49799e+06 2.78849e+06          254455     4739.1
   2.90632          691505 2.76648e+06          252900    4689.38
   2.91443      -3.96641e+06 2.79188e+06          251439    4638.73
   2.92255      -1.29412e+06 2.81007e+06          249976    4588.01
   2.93066         -425334 2.74636e+06          248515    4537.35
   2.93877          851981 2.77062e+06          247054    4486.69
   2.94689         -175552 2.79903e+06          245591    4435.97
     2.955          321428 2.77398e+06          244130    4385.31
   2.96311          896769 2.8163e+06          242668    4334.66
   2.97123      -3.58612e+06 2.82457e+06          241205    4283.94
   2.97934      2.90886e+06 2.84407e+06          239744    4233.28
   2.98746         -561453 2.80961e+06          238281    4182.56
   2.99557      2.98823e+06 2.74913e+06          236820     4131.9
   3.00368         -494751 2.73757e+06          235449    4082.78
    3.0118      -1.81294e+06 2.65264e+06          234185    4035.45
   3.01991          338560 2.65951e+06          232922    3988.17
   3.02802      1.24255e+06 2.67674e+06          231660     3940.9
   3.03614      -1.86282e+06 2.66233e+06          230395    3893.57
   3.04425      4.3863e+06 2.78079e+06          229133     3846.3
   3.05237      2.82212e+06 2.74523e+06          227869    3798.97
   3.06048         -301644 2.61036e+06          226606    3751.69
   3.06859      5.25282e+06 2.6498e+06          225343    3704.42
   3.07671      -1.5388e+06 2.78971e+06          224079    3657.09
   3.08482      -3.37346e+06 2.74986e+06          222816    3609.81
   3.09293         -492090 2.67786e+06          221554    3562.54
   3.10105      2.52319e+06 2.73005e+06          220303    3516.78
   3.10916      -4.50088e+06 2.74388e+06          219143    3481.63
   3.11728      -3.25005e+06 2.7851e+06          217982    3446.44
   3.12539      1.80513e+06 2.75215e+06          216822     3411.3
    3.1335      -4.21039e+06 2.67759e+06          215663    3376.15
   3.14162      1.76862e+06 2.76977e+06          214502    3340.96
   3.14973          158205 2.72092e+06          213342    3305.82
   3.15784          902264 2.66784e+06          212182    3270.67
   3.16596      -2.34888e+06 2.66816e+06          211021    3235.48
   3.17407      1.9353e+06 2.76048e+06          209862    3200.33
   3.18219      -2.09928e+06 2.63825e+06          208701    3165.14
    3.1903          240395 2.70483e+06          207541       3130
   3.19841          626004 2.71887e+06          206381    3094.85
   3.20653      -1.4461e+06 2.76059e+06          205286    3072.06
   3.21464      -2.10245e+06 2.63854e+06          204208    3052.31
   3.22275      4.56228e+06 2.73849e+06          203130    3032.57
   3.23087      -3.84738e+06 2.60197e+06          202051    3012.79
   3.23898         -751485 2.78438e+06          200973    2993.05
   3.24709      4.82459e+06 2.67748e+06          199895     2973.3
   3.25521      -1.28175e+06 2.73212e+06          198816    2953.53
   3.26332          739095 2.73689e+06          197738    2933.78
   3.27144      -3.3848e+06 2.67532e+06          196659    2914.01
   3.27955      5.49402e+06 2.73877e+06          195581    2894.26
   3.28766         -270570 2.72757e+06          194503    2874.52
   3.29578      -2.4358e+06 2.72448e+06          193424    2854.75
   3.30389      -2.90236e+06 2.67567e+06          192389    2841.75
     3.312      1.62872e+06 2.65619e+06          191400    2836.07
   3.32012      2.37405e+06 2.66991e+06          190410    2830.39
   3.32823      1.57938e+06 2.60628e+06          189422    2824.71
   3.33635      -1.01038e+06 2.66398e+06          188432    2819.03
   3.34446      6.7358e+06 2.6407e+06          187443    2813.35
   3.35257      2.05409e+06 2.68058e+06          186455    2807.68
   3.36069      -3.11816e+06 2.60409e+06          185465    2801.99
    3.3688         -237116 2.71866e+06          184476    2796.32
   3.37691          399908 2.60077e+06          183488    2790.64
   3.38503      -3.90983e+06 2.69658e+06          182498    2784.96
   3.39314      -1.6608e+06 2.68587e+06          181509    2779.28
   3.40126         -985502 2.78868e+06          180536    2775.32
   3.40937         17284.8 2.70601e+06          179654    2780.73
   3.41748      -6.82608e+06 2.70351e+06          178772    2786.15
    3.4256      2.5818e+06 2.61005e+06          177890    2791.57
   3.43371      1.23286e+06 2.61695e+06          177008    2796.98
   3.44182      -6.24942e+06 2.6243e+06          176126    2802.39
   3.44994      -2.75156e+06 2.69246e+06          175243    2807.81
   3.45805      1.25502e+06 2.62565e+06          174361    2813.23
   3.46617          846573 2.53976e+06          173478    2818.65
   3.47428      -6.4688e+06 2.6666e+06          172597    2824.06
   3.48239          363761 2.64424e+06          171715    2829.48
   3.49051      2.08337e+06 2.70668e+06          170832     2834.9
   3.49862         -777441 2.61656e+06          169950    2840.31
   3.50673      -1.2939e+06 2.57174e+06          169186    2851.39
   3.51485      3.2058e+06 2.68801e+06          168445    2863.65
   3.52296         -727726 2.60644e+06          167705     2875.9
   3.53108      -4.01407e+06 2.6043e+06          166965    2888.15
   3.53919      -2.14294e+06 2.58858e+06          166225     2900.4
    3.5473      1.88735e+06 2.63504e+06          165485    2912.64
   3.55542      2.55527e+06 2.58387e+06          164744     2924.9
   3.56353         -414627 2.61577e+06          164004    2937.15
   3.57164      2.24228e+06 2.6601e+06          163264    2949.39
   3.57976      2.28646e+06 2.57945e+06          162523    2961.65
   3.58787          505428 2.55816e+06          161784     2973.9
   3.59599          797923 2.61254e+06          161043    2986.16
    3.6041         -698750 2.56868e+06          160407    2998.45
   3.61221      -3.82649e+06 2.62095e+06          159874    3010.79
   3.62033        -5926.16 2.63511e+06          159339    3023.15
   3.62844      -1.54576e+06 2.58541e+06          158806    3035.49
   3.63655      -5.04121e+06 2.54685e+06          158272    3047.83
   3.64467      3.62026e+06 2.53996e+06          157738    3060.18
   3.65278      1.89878e+06 2.58126e+06          157205    3072.53
    3.6609      1.46803e+06 2.58926e+06          156670    3084.88
   3.66901      -4.24293e+06 2.51965e+06          156137    3097.22
   3.67712      1.71548e+06 2.57894e+06          155603    3109.56
   3.68524          982539 2.58682e+06          155069    3121.92
   3.69335          237659 2.62299e+06          154536    3134.26
   3.70146      -1.59471e+06 2.57292e+06          154054    3145.45
   3.70958      2.95046e+06 2.65413e+06          153811    3151.39
   3.71769      1.07503e+06 2.58478e+06          153568    3157.32
   3.72581      -2.26327e+06 2.60842e+06          153325    3163.26
   3.73392      2.70561e+06 2.48739e+06          153082     3169.2
   3.74203         -329084 2.63414e+06          152839    3175.13
   3.75015      4.4731e+06 2.52145e+06          152596    3181.07
   3.75826      2.58891e+06 2.58113e+06          152353       3187
   3.76637      4.65153e+06 2.54679e+06          152110    3192.94
   3.77449          934701 2.53941e+06          151866    3198.88
    3.7826          750116 2.55238e+06          151623    3204.81
   3.79072      -3.63122e+06 2.49812e+06          151380    3210.75
   3.79883         -693093 2.5323e+06          151137    3216.68
   3.80694      -2.00682e+06 2.4141e+06          151198    3217.66
   3.81506      4.62386e+06 2.40471e+06          151310     3217.8
   3.82317      -1.5736e+06 2.46479e+06          151422    3217.94
   3.83128      -1.97875e+06 2.40506e+06          151534    3218.08
    3.8394         -703844 2.46214e+06          151646    3218.22
   3.84751         14342.8 2.52483e+06          151758    3218.36
   3.85562      -2.76335e+06 2.49634e+06          151870     3218.5
   3.86374      1.51316e+06 2.53712e+06          151982    3218.64
   3.87185      -3.00928e+06 2.54094e+06          152094    3218.78
   3.87997      1.31342e+06  2.485e+06          152206    3218.92
   3.88808      -3.40602e+06 2.49021e+06          152318    3219.06
   3.89619      -1.12723e+06 2.46153e+06          152430     3219.2
   3.90431      1.47911e+06 2.45923e+06          152716     3218.9
   3.91242      -3.97037e+06 2.47297e+06          153153    3218.21
   3.92053          233679 2.58075e+06          153591    3217.52
   3.92865      1.68213e+06 2.41527e+06          154029    3216.83
   3.93676      -2.22975e+06 2.52041e+06          154467    3216.14
   3.94488      -7.21157e+06 2.46647e+06          154905    3215.45
   3.95299          144610 2.55251e+06          155342    3214.76
    3.9611      1.12136e+06 2.4551e+06          155780    3214.06
   3.96922         -318711 2.4723e+06          156218    3213.37
   3.97733          995583 2.53147e+06          156656    3212.68
   3.98544          105943 2.50373e+06          157093    3211.99
   3.99356         91698.2 2.46446e+06          157531     3211.3
   4.00167      1.67983e+06 2.50595e+06          158031     3221.1
   4.00979      3.60745e+06 2.46206e+06          158769    3271.44
    4.0179          307768 2.49978e+06          159506    3321.72
   4.02601      1.81438e+06 2.43199e+06          160243       3372
   4.03413      3.71702e+06 2.46975e+06          160981    3422.34
   4.04224      -1.05981e+06 2.46497e+06          161718    3472.61
   4.05035      1.31326e+06 2.48695e+06          162455    3522.89
   4.05847      1.76589e+06 2.43286e+06          163193    3573.23
   4.06658      -2.6394e+06 2.49878e+06          163930    3623.51
    4.0747      -1.63322e+06 2.4705e+06          164668    3673.85
   4.08281      1.80238e+06 2.40578e+06          165405    3724.12
   4.09092      1.17559e+06 2.44233e+06          166142     3774.4
   4.09904      -3.16484e+06 2.43254e+06          166880    3824.74
   4.10715      1.49368e+06 2.50916e+06          167570    3850.97
   4.11526      -2.9737e+06 2.50116e+06          168254    3873.98
   4.12338      -1.71826e+06 2.49679e+06          168938    3897.02
   4.13149      2.02582e+06 2.49197e+06          169622    3920.03
   4.13961         -101268 2.43116e+06          170307    3943.06
   4.14772         -692141 2.35985e+06          170991    3966.07
   4.15583         -467722 2.43409e+06          171675    3989.08
   4.16395      1.31788e+06 2.52586e+06          172359    4012.12
   4.17206      -2.62225e+06 2.51365e+06          173043    4035.12
   4.18017      1.40857e+06 2.45045e+06          173727    4058.13
   4.18829      1.74478e+06 2.52926e+06          174412    4081.17
    4.1964       1.172e+06 2.44795e+06          175095    4104.18
   4.20452          391461 2.51571e+06          175673    4097.98
   4.21263      -2.37614e+06 2.49057e+06          176165    4068.53
   4.22074      -1.29692e+06 2.5105e+06          176657    4039.08
   4.22886      -4.36972e+06 2.45048e+06          177150    4009.59
   4.23697         -342344 2.50952e+06          177642    3980.14
   4.24508      -1.16553e+06 2.46713e+06          178134     3950.7
    4.2532         -638137 2.50628e+06          178627    3921.21
   4.26131      4.40462e+06 2.5042e+06          179119    3891.76
   4.26943        -50606.7 2.4618e+06          179611    3862.28
   4.27754         81985.5 2.39993e+06          180103    3832.83
   4.28565          351994 2.48955e+06          180595    3803.38
   4.29377      -1.31569e+06 2.41356e+06          181088    3773.89
   4.30188      -1.55197e+06 2.47995e+06          181489    3736.76
   4.30999      1.83851e+06 2.3985e+06          181589    3674.18
   4.31811      -3.44825e+06 2.39091e+06          181689    3611.51
   4.32622      -1.91818e+06 2.51586e+06          181789    3548.93
   4.33434      2.00368e+06 2.47774e+06          181889    3486.26
   4.34245          330676 2.45677e+06          181989    3423.68
   4.35056      -1.49248e+06 2.39295e+06          182089    3361.09
   4.35868      -1.57291e+06 2.43184e+06          182189    3298.43
   4.36679      -1.31132e+06 2.41679e+06          182289    3235.84
    4.3749      4.24737e+06 2.34181e+06          182389    3173.26
   4.38302         -194891 2.45074e+06          182489     3110.6
   4.39113      1.7618e+06 2.38216e+06          182589    3048.01
   4.39924         -900206 2.40507e+06          182689    2985.42
   4.40736      -3.10342e+06 2.45411e+06          182534     2932.7
   4.41547      -2.68405e+06 2.4498e+06          182354    2881.07
   4.42359      1.76984e+06 2.40099e+06          182173    2829.38
    4.4317      -1.5563e+06 2.38216e+06          181993    2777.75
   4.43981          916032 2.40471e+06          181813    2726.11
   4.44793          974189 2.41243e+06          181632    2674.42
   4.45604         -364398 2.43466e+06          181452    2622.79
   4.46415      -1.09209e+06 2.54787e+06          181271    2571.16
   4.47227      4.24533e+06 2.51901e+06          181091    2519.46
   4.48038      1.18219e+06 2.34066e+06          180910    2467.83
    4.4885      -2.98371e+06 2.47597e+06          180730    2416.13
   4.49661      2.87981e+06 2.41652e+06          180549     2364.5
   4.50472          716706 2.44292e+06          180316    2336.75
   4.51284      2.23603e+06 2.42508e+06          180046    2326.14
   4.52095         -510380 2.49189e+06          179775    2315.54
   4.52906      2.55171e+06 2.40632e+06          179504    2304.94
   4.53718         -340224 2.47747e+06          179233    2294.33
   4.54529      4.75144e+06 2.37193e+06          178963    2283.73
   4.55341      -1.05687e+06 2.44526e+06          178692    2273.11
   4.56152      -2.76973e+06 2.30728e+06          178421    2262.51
   4.56963         -120845 2.47902e+06          178150    2251.91
   4.57775      6.00534e+06 2.39241e+06          177879     2241.3
   4.58586      1.20168e+06 2.28575e+06          177609     2230.7
   4.59397      2.14222e+06 2.23616e+06          177338     2220.1
   4.60209      1.47873e+06 2.19605e+06          177091    2211.34
    4.6102      4.7005e+06 2.28093e+06          176912    2207.94
   4.61832      2.03003e+06 2.35725e+06          176733    2204.53
   4.62643          601344 2.36413e+06          176555    2201.12
   4.63454      6.14807e+06 2.34089e+06          176376    2197.72
   4.64266         -527101 2.23321e+06          176197    2194.31
   4.65077      1.36843e+06 2.34006e+06          176019    2190.91
   4.65888      -1.95885e+06 2.37658e+06          175840     2187.5
     4.667          546301 2.27984e+06          175661    2184.09
   4.67511         -908318 2.33015e+06          175482    2180.69
   4.68323          476885 2.35196e+06          175303    2177.28
   4.69134          558221 2.33501e+06          175125    2173.88
   4.69945          493163 2.36815e+06          174946    2170.47
   4.70757         -482237 2.30494e+06          175041    2172.76
   4.71568      2.05658e+06 2.34632e+06          175155    2175.46
   4.72379      6.56946e+06 2.35191e+06          175269    2178.16
   4.73191      -6.96877e+06 2.38298e+06          175383    2180.87
   4.74002         -951092 2.41607e+06          175497    2183.57
   4.74814          929660 2.3909e+06          175612    2186.27
   4.75625      5.42607e+06 2.31946e+06          175726    2188.97
   4.76436      3.97422e+06 2.35914e+06          175840    2191.67
   4.77248      -1.62919e+06 2.39972e+06          175955    2194.38
   4.78059      1.0329e+06 2.4147e+06          176069    2197.08
    4.7887         -889274 2.32867e+06          176183    2199.78
   4.79682      -1.08747e+06 2.31228e+06          176297    2202.48
   4.80493         -138951 2.31787e+06          176654    2197.67
   4.81305      2.90356e+06 2.33507e+06          177168    2188.01
   4.82116      -2.28496e+06 2.37651e+06          177682    2178.36
   4.82927      1.52707e+06 2.37798e+06          178195    2168.71
   4.83739      3.15077e+06 2.33672e+06          178710    2159.05
    4.8455      2.52467e+06 2.35614e+06          179223     2149.4
   4.85361      4.16693e+06 2.37014e+06          179737    2139.74
   4.86173      -1.4182e+06 2.25882e+06          180251    2130.08
   4.86984      -3.45685e+06 2.32256e+06          180764    2120.43
   4.87796      3.05123e+06 2.47572e+06          181278    2110.77
   4.88607      2.4421e+06 2.37321e+06          181792    2101.12
   4.89418         -731214 2.46365e+06          182305    2091.47
    4.9023      2.03828e+06 2.3767e+06          182843    2086.53
   4.91041      -1.34443e+06 2.35832e+06          183441    2093.53
   4.91852         -325298 2.34401e+06          184038    2100.53
   4.92664         -751602 2.29577e+06          184637    2107.54
   4.93475      4.12319e+06 2.28071e+06          185234    2114.54
   4.94287      4.09044e+06 2.34673e+06          185832    2121.55
   4.95098      -1.01434e+06 2.3666e+06          186430    2128.55
   4.95909      2.74639e+06 2.40418e+06          187027    2135.55
   4.96721      1.04441e+06 2.37466e+06          187625    2142.56
   4.97532      -3.55054e+06 2.29186e+06          188223    2149.56
   4.98343      2.37614e+06 2.35256e+06          188820    2156.57
   4.99155      2.9136e+06 2.3637e+06          189418    2163.58
   4.99966      2.08099e+06 2.27219e+06          190016    2170.58
   5.00777      -1.91373e+06 2.3481e+06          190536    2184.24
   5.01589         -809748 2.2712e+06          191053    2198.22
     5.024      1.15318e+06 2.3841e+06          191570    2212.18
   5.03212          104742 2.3849e+06          192087    2226.15
   5.04023         -733402 2.34211e+06          192604    2240.11
   5.04834      -2.35756e+06 2.35323e+06          193120    2254.07
   5.05646      -1.37323e+06 2.26802e+06          193638    2268.05
   5.06457      -1.67373e+06 2.33213e+06          194154    2282.01
   5.07268      -2.02342e+06 2.40103e+06          194671    2295.97
    5.0808         -974821 2.34872e+06          195188    2309.94
   5.08891      3.65884e+06 2.23596e+06          195705     2323.9
   5.09703      3.36118e+06 2.37353e+06          196222    2337.88
   5.10514      -1.07641e+06 2.39202e+06          196443    2349.63
   5.11325          478118 2.35567e+06          196495    2360.11
   5.12137      1.42182e+06 2.35857e+06          196546     2370.6
   5.12948      -1.44098e+06 2.42815e+06          196597    2381.08
   5.13759      2.99615e+06 2.29649e+06          196649    2391.56
   5.14571          356785 2.26443e+06          196700    2402.05
   5.15382         -245498 2.33832e+06          196751    2412.53
   5.16194          116964 2.30762e+06          196802    2423.02
   5.17005      3.03563e+06 2.36228e+06          196854     2433.5
   5.17816      1.80855e+06 2.35792e+06          196905    2443.98
   5.18628      3.57695e+06 2.25725e+06          196956    2454.47
   5.19439      2.54117e+06 2.31166e+06          197008    2464.95
    5.2025          379845 2.34031e+06          196911    2471.25
   5.21062      1.28907e+06 2.32345e+06          196481    2468.17
   5.21873      -3.45936e+06 2.25734e+06          196051    2465.09
   5.22685      1.34888e+06 2.2857e+06          195621    2462.01
   5.23496         44151.5 2.3032e+06          195192    2458.94
   5.24307      -3.0461e+06 2.29438e+06          194762    2455.86
   5.25119      1.79014e+06 2.31296e+06          194332    2452.78
    5.2593      -3.05626e+06 2.25516e+06          193903     2449.7
   5.26741      -1.49436e+06 2.28976e+06          193474    2446.62
   5.27553      -3.5562e+06 2.34271e+06          193044    2443.54
   5.28364          641525 2.31013e+06          192614    2440.47
   5.29176      1.36363e+06 2.30409e+06          192184    2437.39
   5.29987          370132 2.3012e+06          191755    2434.31
   5.30798          137990 2.29282e+06          190922    2420.73
    5.3161         -908882 2.25721e+06          190082    2406.97
   5.32421          943624 2.30312e+06          189242    2393.22
   5.33232          744070 2.33007e+06          188403    2379.48
   5.34044      1.02983e+06 2.26748e+06          187562    2365.71
   5.34855      -1.15067e+06 2.26223e+06          186723    2351.97
   5.35667      1.78082e+06 2.24844e+06          185883     2338.2
   5.36478          262687 2.25408e+06          185043    2324.46
   5.37289      2.51305e+06 2.15998e+06          184204    2310.71
   5.38101      2.48255e+06 2.19607e+06          183363    2296.95
   5.38912      1.49477e+06 2.09141e+06          182524     2283.2
   5.39723      -1.47062e+06 2.20947e+06          181685    2269.46
   5.40535          295805 2.23766e+06          180688    2240.61
   5.41346      4.43295e+06 2.18186e+06          179611       2204
   5.42158      3.05367e+06 2.31745e+06          178532    2167.35
   5.42969          945679 2.22983e+06          177455    2130.74
    5.4378      2.25165e+06 2.19533e+06          176379    2094.13
   5.44592         -311367 2.23198e+06          175300    2057.48
   5.45403          460542 2.26928e+06          174223    2020.87
   5.46214      2.73823e+06 2.22736e+06          173146    1984.27
   5.47026      3.88052e+06 2.24495e+06          172068    1947.61
   5.47837         -691871 2.34773e+06          170991    1911.01
   5.48649         -408927 2.25144e+06          169913    1874.35
    5.4946          995443 2.18593e+06          168836    1837.75
   5.50271      2.71676e+06 2.19593e+06          167773    1807.56
   5.51083      1.19875e+06 2.30249e+06          166735    1790.15
   5.51894      4.64287e+06 2.2179e+06          165699    1772.76
   5.52705          700363 2.27709e+06          164662    1755.37
   5.53517      -3.15401e+06 2.24537e+06          163625    1737.96
   5.54328         -113966 2.2617e+06          162588    1720.57
    5.5514      -2.16731e+06 2.32882e+06          161551    1703.16
   5.55951      1.31962e+06 2.26375e+06          160514    1685.77
   5.56762      -2.84026e+06 2.26813e+06          159478    1668.38
   5.57574         -344507 2.35237e+06          158440    1650.97
   5.58385      1.4584e+06 2.25425e+06          157404    1633.58
   5.59196      1.58635e+06 2.4472e+06          156367    1616.19
   5.60008          928481 2.31164e+06          155332    1598.89
   5.60819      5.74941e+06 2.25711e+06          154521    1593.22
    5.6163          842387 2.32133e+06          153710    1587.54
   5.62442      5.73484e+06 2.34889e+06          152898    1581.86
   5.63253      2.40812e+06 2.3205e+06          152087    1576.19
   5.64065      1.88381e+06 2.32603e+06          151275     1570.5
   5.64876      1.45806e+06 2.34101e+06          150464    1564.83
   5.65687          976363 2.38937e+06          149654    1559.15
   5.66499         -260673 2.22588e+06          148842    1553.47
    5.6731         -287875 2.31467e+06          148031    1547.79
   5.68121      2.03827e+06 2.34967e+06          147220    1542.12
   5.68933      1.26053e+06 2.28575e+06          146408    1536.44
   5.69744      -3.09718e+06 2.33772e+06          145597    1530.76
   5.70556      1.26448e+06 2.30609e+06          144956    1525.15
   5.71367          217963 2.34961e+06          144394    1519.58
   5.72178      1.19016e+06 2.35974e+06          143833    1514.02
    5.7299      -1.40956e+06 2.37749e+06          143270    1508.44
   5.73801      -1.47173e+06 2.3325e+06          142708    1502.87
   5.74612      2.35808e+06 2.28428e+06          142147     1497.3
   5.75424      1.59991e+06 2.33589e+06          141584    1491.73
   5.76235         -816597 2.36189e+06          141023    1486.16
   5.77047         -143115 2.31907e+06          140460    1480.59
   5.77858      -6.06319e+06 2.43485e+06          139899    1475.02
   5.78669          417127 2.30435e+06          139337    1469.45
   5.79481      -1.44008e+06 2.30721e+06          138774    1463.87
   5.80292      -1.12363e+06 2.36237e+06          138301     1458.1
   5.81103      -2.1182e+06 2.34073e+06          137985    1451.95
   5.81915      3.90849e+06 2.33758e+06          137668    1445.79
   5.82726      -2.44411e+06 2.33872e+06          137352    1439.64
   5.83538      -1.88411e+06 2.3449e+06          137036    1433.48
   5.84349      1.32338e+06 2.32658e+06          136719    1427.33
    5.8516         -314612 2.37369e+06          136403    1421.18
   5.85972          101735 2.35644e+06          136087    1415.02
   5.86783         -199347 2.37935e+06          135770    1408.87
   5.87594      -3.63581e+06 2.32699e+06          135454    1402.72
   5.88406      -7.30086e+06 2.3287e+06          135138    1396.57
   5.89217      1.21325e+06 2.35462e+06          134821    1390.42
   5.90029      5.88378e+06 2.32811e+06          134507    1384.46
    5.9084         -932212 2.37346e+06          134258    1384.01
   5.91651      1.88687e+06 2.21195e+06          134010    1383.56
   5.92463        -29407.5 2.36181e+06          133761     1383.1
   5.93274      2.08775e+06 2.25076e+06          133512    1382.65
   5.94085      -1.25854e+06 2.28699e+06          133263     1382.2
   5.94897      1.91983e+06 2.34229e+06          133014    1381.74
   5.95708      -1.67594e+06 2.32559e+06          132765    1381.29
    5.9652      -1.22675e+06 2.33605e+06          132516    1380.84
   5.97331      1.29448e+06 2.31481e+06          132268    1380.38
   5.98142      -4.27964e+06 2.33372e+06          132019    1379.93
   5.98954      -3.57019e+06 2.49772e+06          131770    1379.47
   5.99765          256814 2.39444e+06          131521    1379.02
   6.00576      -2.52941e+06 2.40103e+06          131222    1376.04
   6.01388      -1.77642e+06 2.34862e+06          130901    1372.02
   6.02199         -557051 2.3573e+06          130581       1368
   6.03011      1.38304e+06  2.405e+06          130261    1363.98
   6.03822         6144.39 2.29529e+06          129941    1359.96
   6.04633      5.32252e+06 2.28298e+06          129621    1355.95
   6.05445      4.16793e+06 2.35109e+06          129301    1351.93
   6.06256          509646 2.2756e+06          128981    1347.91
   6.07067         -511105 2.34514e+06          128661    1343.89
   6.07879          373734 2.27852e+06          128341    1339.87
    6.0869          571546 2.31479e+06          128021    1335.86
   6.09502      -1.06563e+06 2.35434e+06          127700    1331.84
   6.10313      2.80613e+06 2.36099e+06          127300    1331.83
   6.11124      -1.30295e+06 2.29765e+06          126773    1338.21
   6.11936      -2.23913e+06 2.41936e+06          126245    1344.59
   6.12747      1.93899e+06 2.39503e+06          125717    1350.96
   6.13558      1.70705e+06 2.35197e+06          125190    1357.34
    6.1437      -3.00946e+06 2.3531e+06          124662    1363.72
